-0.0652378 0.978493 0.195695 
-0.0652378 0.978493 0.195695 
-0.0652378 0.978493 0.195695 
-0.0652378 0.978493 0.195695 
-0.192456 0.96225 0.192446 
-0.0663774 0.995585 0.0663679 
-0.0663774 0.995585 0.0663679 
-0.0663774 0.995585 0.0663679 
-0.0663774 0.995585 0.0663679 
-0.0663774 0.995585 0.0663679 
-0.0663774 0.995585 0.0663679 
-0.0663774 0.995585 0.0663679 
-0.0663774 0.995585 0.0663679 
-0.195704 0.978491 0.0652284 
-0.195704 0.978491 0.0652284 
0.195704 -0.978491 -0.0652284 
-0.195704 0.978491 0.0652284 
-0.224237 0.971665 0.0747385 
-0.224237 0.971665 0.0747385 
-0.224237 0.971665 0.0747385 
-0.358064 0.930947 0.0716066 
0.358064 -0.930947 -0.0716066 
0.358064 -0.930947 -0.0716066 
-0.358064 0.930947 0.0716066 
-0.473022 0.878456 0.067569 
