-0.0652378 0.978493 0.195695 
-0.0652378 0.978493 0.195695 
-0.0652378 0.978493 0.195695 
-0.0652378 0.978493 0.195695 
-0.192456 0.96225 0.192446 
-0.067579 0.878459 0.473014 
-0.067579 0.878459 0.473014 
-0.067579 0.878459 0.473014 
-0.067579 0.878459 0.473014 
-0.067579 0.878459 0.473014 
-0.067579 0.878459 0.473014 
-0.067579 0.878459 0.473014 
-0.067579 0.878459 0.473014 
-0.199123 0.86284 0.464604 
-0.199123 0.86284 0.464604 
-0.199123 0.86284 0.464604 
-0.199123 0.86284 0.464604 
-0.199123 0.86284 0.464604 
-0.199123 0.86284 0.464604 
-0.199123 0.86284 0.464604 
-0.199123 0.86284 0.464604 
-0.320756 0.833949 0.449048 
-0.320756 0.833949 0.449048 
-0.0716171 0.93095 0.358055 
-0.0716171 0.93095 0.358055 
-0.0716171 0.93095 0.358055 
-0.0716171 0.93095 0.358055 
-0.0716171 0.93095 0.358055 
-0.0716171 0.93095 0.358055 
-0.0716171 0.93095 0.358055 
-0.0716171 0.93095 0.358055 
-0.210565 0.912421 0.350928 
-0.210565 0.912421 0.350928 
-0.210565 0.912421 0.350928 
-0.210565 0.912421 0.350928 
-0.210565 0.912421 0.350928 
-0.210565 0.912421 0.350928 
-0.210565 0.912421 0.350928 
-0.210565 0.912421 0.350928 
-0.337875 0.878457 0.337865 
-0.337875 0.878457 0.337865 
-0.337875 0.878457 0.337865 
-0.337875 0.878457 0.337865 
-0.337875 0.878457 0.337865 
-0.337875 0.878457 0.337865 
-0.337875 0.878457 0.337865 
-0.337875 0.878457 0.337865 
0.449056 -0.833948 -0.320747 
-0.449056 0.833948 0.320747 
-0.0747493 0.971666 0.224226 
-0.0747493 0.971666 0.224226 
-0.0747493 0.971666 0.224226 
-0.0747493 0.971666 0.224226 
-0.0747493 0.971666 0.224226 
-0.0747493 0.971666 0.224226 
-0.0747493 0.971666 0.224226 
-0.0747493 0.971666 0.224226 
-0.219388 0.950654 0.219378 
-0.219388 0.950654 0.219378 
-0.219388 0.950654 0.219378 
-0.219388 0.950654 0.219378 
-0.219388 0.950654 0.219378 
-0.219388 0.950654 0.219378 
-0.219388 0.950654 0.219378 
-0.219388 0.950654 0.219378 
-0.350938 0.91242 0.210554 
-0.350938 0.91242 0.210554 
-0.350938 0.91242 0.210554 
-0.350938 0.91242 0.210554 
0.350938 -0.91242 -0.210554 
-0.350938 0.91242 0.210554 
-0.350938 0.91242 0.210554 
-0.350938 0.91242 0.210554 
-0.464612 0.862838 0.199113 
-0.464612 0.862838 0.199113 
-0.464612 0.862838 0.199113 
-0.464612 0.862838 0.199113 
-0.224237 0.971665 0.0747385 
0.358064 -0.930947 -0.0716066 
-0.358064 0.930947 0.0716066 
-0.358064 0.930947 0.0716066 
-0.358064 0.930947 0.0716066 
-0.473022 0.878456 0.067569 
-0.473022 0.878456 0.067569 
-0.473022 0.878456 0.067569 
