-0.064155 0.70565 0.70565 
-0.189364 0.694313 0.694313 
-0.206535 0.757271 0.619584 
-0.206535 0.757271 0.619584 
-0.206535 0.757271 0.619584 
-0.206535 0.757271 0.619584 
-0.229423 0.688246 0.688246 
-0.331868 0.730094 0.597349 
-0.331868 0.730094 0.597349 
-0.331868 0.730094 0.597349 
-0.331868 0.730094 0.597349 
-0.331868 0.730094 0.597349 
-0.331868 0.730094 0.597349 
-0.331868 0.730094 0.597349 
-0.331868 0.730094 0.597349 
-0.365643 0.658143 0.658143 
-0.365643 0.658143 0.658143 
-0.365643 0.658143 0.658143 
-0.365643 0.658143 0.658143 
-0.358064 0.787725 0.501278 
-0.358064 0.787725 0.501278 
-0.358064 0.787725 0.501278 
-0.358064 0.787725 0.501278 
-0.441842 0.694312 0.568073 
-0.441842 0.694312 0.568073 
-0.481907 0.619583 0.619583 
-0.481907 0.619583 0.619583 
-0.481907 0.619583 0.619583 
-0.481907 0.619583 0.619583 
-0.473023 0.743309 0.473013 
-0.473023 0.743309 0.473013 
-0.473023 0.743309 0.473013 
-0.473023 0.743309 0.473013 
-0.473023 0.743309 0.473013 
-0.473023 0.743309 0.473013 
-0.473023 0.743309 0.473013 
-0.473023 0.743309 0.473013 
-0.523212 0.672689 0.523201 
-0.523212 0.672689 0.523201 
-0.501287 0.787724 0.358053 
-0.501287 0.787724 0.358053 
-0.501287 0.787724 0.358053 
-0.501287 0.787724 0.358053 
-0.577356 0.577347 0.577347 
-0.568081 0.694311 0.441833 
0.568081 -0.694311 -0.441833 
-0.619592 0.619582 0.481896 
-0.619592 0.619582 0.481896 
-0.619592 0.619582 0.481896 
-0.619592 0.619582 0.481896 
0.619592 -0.619582 -0.481896 
-0.619592 0.619582 0.481896 
-0.619592 0.619582 0.481896 
-0.619592 0.619582 0.481896 
-0.672698 0.5232 0.5232 
-0.597357 0.730092 0.331858 
-0.597357 0.730092 0.331858 
-0.597357 0.730092 0.331858 
-0.597357 0.730092 0.331858 
-0.658152 0.658141 0.365632 
-0.658152 0.658141 0.365632 
-0.658152 0.658141 0.365632 
-0.658152 0.658141 0.365632 
-0.619592 0.757268 0.206524 
-0.619592 0.757268 0.206524 
-0.619592 0.757268 0.206524 
-0.619592 0.757268 0.206524 
-0.688254 0.688243 0.229411 
-0.688254 0.688243 0.229411 
0.694319 -0.568071 -0.441832 
0.694319 -0.568071 -0.441832 
-0.743317 0.473012 0.473012 
0.743317 -0.473012 -0.473012 
-0.743317 0.473012 0.473012 
0.730101 -0.597347 -0.331857 
-0.730101 0.597347 0.331857 
-0.730101 0.597347 0.331857 
-0.730101 0.597347 0.331857 
-0.787732 0.501275 0.358052 
-0.787732 0.501275 0.358052 
-0.787732 0.501275 0.358052 
-0.787732 0.501275 0.358052 
-0.787732 0.501275 0.358052 
-0.787732 0.501275 0.358052 
-0.841196 0.382354 0.382354 
-0.694319 0.69431 0.189354 
-0.694319 0.69431 0.189354 
-0.757276 0.619581 0.206524 
0.757276 -0.619581 -0.206524 
-0.757276 0.619581 0.206524 
-0.757276 0.619581 0.206524 
-0.757276 0.619581 0.206524 
-0.757276 0.619581 0.206524 
-0.822184 0.523199 0.224225 
0.822184 -0.523199 -0.224225 
-0.822184 0.523199 0.224225 
-0.822184 0.523199 0.224225 
-0.705655 0.705646 0.0641454 
-0.772053 0.631671 0.0701812 
-0.772053 0.631671 0.0701812 
-0.772053 0.631671 0.0701812 
0.772053 -0.631671 -0.0701812 
-0.841195 0.535297 0.0764663 
0.841195 -0.535297 -0.0764663 
-0.841195 0.535297 0.0764663 
