0.833338 -0.449532 -0.310644 
0.833338 -0.473012 -0.277772 
0.86368 -0.416661 -0.277772 
0.833338 -0.416661 -0.356663 
0.833338 -0.386662 -0.386662 
0.882643 -0.367356 -0.277772 
0.917097 -0.277772 -0.277772 
0.833338 -0.497773 -0.219995 
0.833338 -0.532535 -0.138884 
0.89573 -0.416661 -0.138884 
0.872782 -0.416661 -0.238328 
0.912224 -0.337775 -0.198886 
0.934724 -0.315275 -0.138884 
0.949148 -0.277772 -0.138884 
0.942224 -0.277772 -0.168886 
0.972226 -0.177762 -0.138884 
0.972226 -0.158323 -0.158323 
0.980002 -0.138884 -0.138884 
0.833338 -0.535411 -0.118745 
0.833338 -0.552375 5e-06 
0.906413 -0.416661 5e-06 
0.900929 -0.416661 -0.0712925 
0.949206 -0.300793 -0.0230152 
0.952083 -0.297915 5e-06 
0.95983 -0.277772 5e-06 
0.958798 -0.277772 -0.0134237 
0.972226 -0.224056 5e-06 
0.972226 -0.202763 -0.0638747 
0.98926 -0.138884 5e-06 
0.980557 -0.138884 -0.130553 
0.981198 -0.129912 -0.129912 
0.990477 -0.120633 5e-06 
0.998519 5e-06 5e-06 
