-0.833955 0.449045 0.320745 
0.833955 -0.449045 -0.320745 
0.878463 -0.337863 -0.337863 
-0.878463 0.337863 0.337863 
-0.878463 0.337863 0.337863 
-0.862844 0.464601 0.199112 
-0.862844 0.464601 0.199112 
-0.862844 0.464601 0.199112 
-0.862844 0.464601 0.199112 
-0.912425 0.350926 0.210553 
-0.912425 0.350926 0.210553 
0.912425 -0.350926 -0.210553 
-0.912425 0.350926 0.210553 
-0.912425 0.350926 0.210553 
0.912425 -0.350926 -0.210553 
-0.912425 0.350926 0.210553 
-0.912425 0.350926 0.210553 
-0.950657 0.219376 0.219376 
-0.950657 0.219376 0.219376 
-0.950657 0.219376 0.219376 
-0.962253 0.192445 0.192445 
-0.878462 0.473011 0.0675688 
-0.878462 0.473011 0.0675688 
-0.878462 0.473011 0.0675688 
-0.878462 0.473011 0.0675688 
-0.930952 0.358051 0.0716061 
-0.930952 0.358051 0.0716061 
0.930952 -0.358051 -0.0716061 
-0.930952 0.358051 0.0716061 
-0.930952 0.358051 0.0716061 
-0.930952 0.358051 0.0716061 
-0.930952 0.358051 0.0716061 
-0.930952 0.358051 0.0716061 
-0.971667 0.224224 0.0747379 
-0.971667 0.224224 0.0747379 
0.971667 -0.224224 -0.0747379 
-0.971667 0.224224 0.0747379 
-0.978494 0.195693 0.0652279 
-0.978494 0.195693 0.0652279 
0.978494 -0.195693 -0.0652279 
-0.978494 0.195693 0.0652279 
-0.995586 0.0663673 0.0663673 
-0.995586 0.0663673 0.0663673 
-0.995586 0.0663673 0.0663673 
-0.995586 0.0663673 0.0663673 
