-0.153087 5e-06 -0.986419 
-0.224102 5e-06 -0.972216 
-0.145752 0.132026 -0.979084 
-0.197263 0.0805141 -0.972216 
-0.177802 0.138894 -0.972216 
-0.14537 0.138894 -0.978702 
-0.138884 0.17781 -0.972216 
-0.464167 5e-06 -0.880833 
-0.552392 5e-06 -0.833327 
-0.459357 0.0961983 -0.876023 
-0.551865 0.00368972 -0.833327 
-0.532549 0.138894 -0.833327 
-0.416661 5e-06 -0.906413 
-0.416661 0.0712925 -0.900929 
-0.416661 0.138894 -0.895728 
-0.457222 0.138894 -0.873888 
-0.439869 0.254575 -0.856535 
-0.515297 0.179147 -0.833327 
-0.473023 0.277783 -0.833327 
-0.416661 0.238329 -0.872781 
-0.416661 0.277783 -0.863676 
-0.436388 0.277783 -0.853054 
-0.416661 0.356687 -0.833327 
-0.369136 5e-06 -0.924691 
-0.366341 0.0503257 -0.921896 
-0.277772 5e-06 -0.959831 
-0.277772 0.0134224 -0.958799 
-0.277772 0.138894 -0.949146 
-0.36142 0.138894 -0.916975 
-0.350371 0.205184 -0.905926 
-0.277772 0.168885 -0.942225 
-0.277772 0.277782 -0.917094 
-0.338271 0.277783 -0.893826 
-0.30812 0.386324 -0.863675 
-0.356675 0.416671 -0.833327 
-0.277772 0.367357 -0.882642 
-0.277772 0.416671 -0.863674 
-0.29969 0.416671 -0.855245 
-0.277772 0.473029 -0.833327 
-0.26771 5e-06 -0.962153 
-0.267039 0.0107389 -0.961482 
-0.259028 0.138894 -0.953472 
-0.254702 0.161964 -0.949146 
-0.138884 0.277783 -0.949145 
-0.232986 0.277783 -0.92743 
-0.212627 0.342928 -0.907071 
-0.138884 0.315274 -0.934725 
-0.138884 0.416671 -0.895725 
-0.189582 0.416671 -0.884026 
-0.179149 0.515295 -0.833327 
-0.138884 0.532551 -0.833327 
-0.11746 0.277783 -0.950793 
-0.105558 0.311108 -0.93889 
-0.0678559 0.416671 -0.901188 
-0.00369288 0.551862 -0.833327 
5e-06 0.55239 -0.833327 
