0.70565 -0.064155 0.70565 
0.631675 -0.0701918 0.772049 
0.631675 -0.0701918 0.772049 
0.631675 -0.0701918 0.772049 
0.631675 -0.0701918 0.772049 
0.619584 -0.206535 0.757271 
0.619584 -0.206535 0.757271 
0.619584 -0.206535 0.757271 
0.619584 -0.206535 0.757271 
0.535302 -0.076478 0.841192 
0.535302 -0.076478 0.841192 
0.535302 -0.076478 0.841192 
0.535302 -0.076478 0.841192 
0.535302 -0.076478 0.841192 
0.523202 -0.224237 0.822178 
0.523202 -0.224237 0.822178 
0.523202 -0.224237 0.822178 
0.523202 -0.224237 0.822178 
0.523202 -0.224237 0.822178 
0.523202 -0.224237 0.822178 
0.523202 -0.224237 0.822178 
0.523202 -0.224237 0.822178 
0.501278 -0.358064 0.787725 
0.501278 -0.358064 0.787725 
0.501278 -0.358064 0.787725 
0.501278 -0.358064 0.787725 
0.382356 -0.382367 0.841189 
0.382356 -0.382367 0.841189 
0.358053 -0.501287 0.787724 
0.358053 -0.501287 0.787724 
0.358053 -0.501287 0.787724 
0.358053 -0.501287 0.787724 
0.224226 -0.523211 0.822176 
0.224226 -0.523211 0.822176 
0.224226 -0.523211 0.822176 
0.224226 -0.523211 0.822176 
0.206524 -0.619592 0.757268 
0.206524 -0.619592 0.757268 
0.206524 -0.619592 0.757268 
0.206524 -0.619592 0.757268 
0.0764666 -0.53531 0.841187 
0.0764666 -0.53531 0.841187 
0.0764666 -0.53531 0.841187 
0.0764666 -0.53531 0.841187 
0.0701813 -0.631682 0.772044 
0.0701813 -0.631682 0.772044 
0.0701813 -0.631682 0.772044 
0.0701813 -0.631682 0.772044 
0.0701813 -0.631682 0.772044 
0.0701813 -0.631682 0.772044 
0.0701813 -0.631682 0.772044 
0.0701813 -0.631682 0.772044 
0.0641454 -0.705655 0.705646 
0.0641454 -0.705655 0.705646 
0.0641454 -0.705655 0.705646 
0.0701812 -0.772053 0.631671 
0.0701812 -0.772053 0.631671 
0.0701812 -0.772053 0.631671 
0.0701812 -0.772053 0.631671 
0.0764663 -0.841195 0.535297 
