0.70565 -0.064155 0.70565 
0.772049 -0.0701918 0.631675 
0.772049 -0.0701918 0.631675 
0.772049 -0.0701918 0.631675 
0.772049 -0.0701918 0.631675 
0.757271 -0.206535 0.619584 
0.757271 -0.206535 0.619584 
0.757271 -0.206535 0.619584 
0.757271 -0.206535 0.619584 
0.841192 -0.076478 0.535302 
0.841192 -0.076478 0.535302 
0.841192 -0.076478 0.535302 
0.841192 -0.076478 0.535302 
0.841192 -0.076478 0.535302 
0.822178 -0.224237 0.523202 
0.822178 -0.224237 0.523202 
0.822178 -0.224237 0.523202 
0.822178 -0.224237 0.523202 
0.822178 -0.224237 0.523202 
0.822178 -0.224237 0.523202 
0.822178 -0.224237 0.523202 
0.822178 -0.224237 0.523202 
0.787725 -0.358064 0.501278 
0.787725 -0.358064 0.501278 
0.787725 -0.358064 0.501278 
0.787725 -0.358064 0.501278 
-0.841189 0.382367 -0.382356 
0.841189 -0.382367 0.382356 
-0.787724 0.501287 -0.358053 
0.787724 -0.501287 0.358053 
0.787724 -0.501287 0.358053 
0.787724 -0.501287 0.358053 
-0.822176 0.523211 -0.224226 
-0.822176 0.523211 -0.224226 
0.822176 -0.523211 0.224226 
0.822176 -0.523211 0.224226 
0.757268 -0.619592 0.206524 
0.757268 -0.619592 0.206524 
0.757268 -0.619592 0.206524 
0.757268 -0.619592 0.206524 
-0.841187 0.53531 -0.0764666 
-0.841187 0.53531 -0.0764666 
0.841187 -0.53531 0.0764666 
0.841187 -0.53531 0.0764666 
0.772044 -0.631682 0.0701813 
0.772044 -0.631682 0.0701813 
0.772044 -0.631682 0.0701813 
-0.772044 0.631682 -0.0701813 
0.772044 -0.631682 0.0701813 
0.772044 -0.631682 0.0701813 
0.772044 -0.631682 0.0701813 
0.772044 -0.631682 0.0701813 
0.705646 -0.705655 0.0641454 
0.705646 -0.705655 0.0641454 
0.705646 -0.705655 0.0641454 
0.631671 -0.772053 0.0701812 
0.631671 -0.772053 0.0701812 
-0.631671 0.772053 -0.0701812 
-0.631671 0.772053 -0.0701812 
-0.535297 0.841195 -0.0764663 
