-0.699999 0.133333 -0.699999 
-0.699747 0.138894 -0.699747 
-0.705054 0.138894 -0.694439 
-0.694439 0.177816 -0.694439 
-0.750327 0.221895 -0.611438 
-0.741943 0.277783 -0.603055 
-0.780811 0.277783 -0.55555 
-0.694439 0.277783 -0.661116 
-0.677777 0.277783 -0.677777 
-0.711481 0.399629 -0.572592 
-0.70722 0.416671 -0.568332 
-0.717678 0.416671 -0.55555 
-0.694439 0.416671 -0.583954 
-0.737045 0.374065 -0.55555 
-0.694439 0.352762 -0.61946 
-0.671369 0.300853 -0.671369 
-0.639196 0.416671 -0.639196 
-0.78889 0.32222 -0.511112 
-0.762653 0.416671 -0.484875 
-0.806061 0.416671 -0.416661 
-0.694439 0.453189 -0.55555 
-0.604041 0.507069 -0.604041 
-0.585183 0.55556 -0.585183 
-0.614816 0.55556 -0.55555 
-0.717676 0.532322 -0.439899 
-0.708639 0.55556 -0.430862 
-0.717676 0.55556 -0.416661 
-0.694439 0.55556 -0.453177 
-0.758343 0.491655 -0.416661 
-0.649651 0.55556 -0.510762 
-0.800002 0.449997 -0.383335 
-0.753817 0.55556 -0.337151 
-0.780807 0.55556 -0.277773 
-0.55555 0.614825 -0.55555 
-0.694439 0.583961 -0.416661 
-0.592064 0.657935 -0.453175 
-0.571524 0.694449 -0.432636 
-0.583949 0.694449 -0.416661 
-0.55555 0.694449 -0.453174 
-0.504362 0.694449 -0.504362 
-0.694439 0.66112 -0.277772 
-0.694439 0.61946 -0.352761 
-0.62341 0.694449 -0.345632 
-0.661109 0.694449 -0.277772 
-0.717778 0.67111 -0.162223 
-0.702774 0.694449 -0.147219 
-0.705047 0.694449 -0.138884 
-0.694439 0.694449 -0.177782 
-0.669441 0.694449 -0.252775 
-0.55555 0.717684 -0.416661 
-0.491655 0.758344 -0.416661 
-0.416661 0.806066 -0.416661 
-0.55555 0.780814 -0.277772 
-0.55555 0.737046 -0.374064 
-0.449532 0.833338 -0.310644 
-0.473012 0.833338 -0.277772 
-0.416661 0.833338 -0.356663 
-0.386662 0.833338 -0.386662 
-0.694439 0.705057 -0.138884 
-0.636097 0.75279 -0.138884 
-0.55555 0.818692 -0.138884 
-0.55555 0.8132 -0.159022 
-0.497773 0.833338 -0.219995 
-0.532535 0.833338 -0.138884 
-0.694439 0.706118 -0.127215 
-0.577773 0.811114 -0.022218 
-0.55555 0.831115 -0.00221775 
-0.535411 0.833338 -0.118745 
-0.552375 0.833338 5e-06 
