0.55239 5e-06 -0.833327 
0.55556 5e-06 -0.83131 
0.55556 0.00222381 -0.831109 
0.566655 5e-06 -0.822233 
0.694449 5e-06 -0.717673 
0.577753 0.0221976 -0.811135 
0.694449 0.127226 -0.706106 
0.717682 5e-06 -0.694439 
0.715746 0.0213022 -0.694439 
0.705055 0.138894 -0.694439 
0.822224 5e-06 -0.566663 
0.779633 0.0851888 -0.609255 
0.831317 5e-06 -0.55555 
0.81991 0.125467 -0.55555 
0.81869 0.138894 -0.55555 
0.75278 0.138894 -0.636107 
0.717782 0.162227 -0.671106 
0.792066 0.236511 -0.55555 
0.78081 0.277783 -0.55555 
0.833338 5e-06 -0.552375 
0.833337 0.00370972 -0.551845 
0.833338 0.138894 -0.532532 
0.833337 0.179177 -0.515267 
0.833338 0.277783 -0.473006 
0.8 0.383334 -0.449999 
0.833338 0.356663 -0.416661 
0.814585 0.397919 -0.416661 
0.806061 0.416671 -0.416661 
0.833338 0.416671 -0.356651 
0.788889 0.511111 -0.322221 
0.833338 0.473012 -0.277772 
0.801235 0.523458 -0.277772 
0.780807 0.55556 -0.277772 
0.822592 0.544814 -0.149629 
0.833338 0.515265 -0.179179 
0.833337 0.532534 -0.138884 
0.824383 0.546605 -0.138884 
0.818684 0.55556 -0.138884 
0.81319 0.55556 -0.159032 
0.750327 0.611438 -0.221894 
0.762778 0.623889 -0.138884 
0.705048 0.694449 -0.138884 
0.832025 0.554248 -0.00130721 
0.833338 0.551842 -0.00371288 
0.833338 0.552373 5e-06 
0.831107 0.55556 -0.00222575 
0.766374 0.627485 -0.0669583 
0.706108 0.694449 -0.127225 
0.700001 0.700001 -0.133332 
