-0.878461 -0.0675784 0.47301 
-0.930951 -0.0716164 0.358051 
-0.930951 -0.0716164 0.358051 
-0.930951 -0.0716164 0.358051 
-0.930951 -0.0716164 0.358051 
-0.971667 -0.0747486 0.224224 
-0.971667 -0.0747486 0.224224 
-0.971667 -0.0747486 0.224224 
-0.978493 -0.0652372 0.195693 
0.978493 0.0652372 -0.195693 
-0.978493 -0.0652372 0.195693 
-0.978493 -0.0652372 0.195693 
-0.962251 -0.192454 0.192445 
-0.995585 -0.0663768 0.0663672 
-0.995585 -0.0663768 0.0663672 
-0.995585 -0.0663768 0.0663672 
-0.995585 -0.0663768 0.0663672 
-0.995585 -0.0663768 0.0663672 
-0.995585 -0.0663768 0.0663672 
-0.995585 -0.0663768 0.0663672 
-0.995585 -0.0663768 0.0663672 
-0.978492 -0.195702 0.0652278 
-0.978492 -0.195702 0.0652278 
-0.978492 -0.195702 0.0652278 
-0.978492 -0.195702 0.0652278 
