5e-06 5e-06 -0.998518 
5e-06 0.120634 -0.990476 
0.129914 0.129914 -0.981196 
5e-06 0.138894 -0.989258 
0.130556 0.138894 -0.980554 
0.138894 0.138894 -0.979998 
5e-06 0.224102 -0.972216 
0.0639101 0.202799 -0.972216 
0.138894 0.177803 -0.972216 
0.158348 0.158348 -0.972216 
5e-06 0.277783 -0.959828 
0.0134257 0.277783 -0.958796 
0.138894 0.277783 -0.949143 
0.168889 0.277782 -0.942221 
0.277783 0.277783 -0.917091 
5e-06 0.297914 -0.952085 
0.0230124 0.30079 -0.949209 
5e-06 0.416671 -0.906408 
0.0712975 0.416671 -0.900924 
0.138894 0.416671 -0.895724 
0.138894 0.315276 -0.934722 
0.198885 0.337774 -0.912225 
0.238335 0.416671 -0.872775 
0.277783 0.416671 -0.863671 
0.277783 0.367362 -0.882637 
0.386673 0.386673 -0.833327 
0.356675 0.416671 -0.833327 
5e-06 0.55239 -0.833327 
0.118758 0.535425 -0.833327 
0.138894 0.532548 -0.833327 
0.220007 0.497785 -0.833327 
0.277783 0.473023 -0.833327 
0.310654 0.449543 -0.833327 
