5e-06 0.55239 -0.833327 
5e-06 0.55556 -0.83131 
0.00222381 0.55556 -0.831109 
5e-06 0.566655 -0.822233 
5e-06 0.694449 -0.717673 
0.0221976 0.577753 -0.811135 
0.127226 0.694449 -0.706106 
5e-06 0.717682 -0.694439 
0.0213022 0.715746 -0.694439 
0.138894 0.705055 -0.694439 
5e-06 0.822224 -0.566663 
0.0851888 0.779633 -0.609255 
5e-06 0.831317 -0.55555 
0.125467 0.81991 -0.55555 
0.138894 0.81869 -0.55555 
0.138894 0.75278 -0.636107 
0.162227 0.717782 -0.671106 
0.236511 0.792066 -0.55555 
0.277783 0.78081 -0.55555 
5e-06 0.833338 -0.552375 
0.00370972 0.833337 -0.551845 
0.138894 0.833338 -0.532532 
0.179177 0.833337 -0.515267 
0.277783 0.833338 -0.473006 
0.383334 0.8 -0.449999 
0.356663 0.833338 -0.416661 
0.397919 0.814585 -0.416661 
0.416671 0.806061 -0.416661 
0.416671 0.833338 -0.356651 
0.511111 0.788889 -0.322221 
0.473012 0.833338 -0.277772 
0.523458 0.801235 -0.277772 
0.55556 0.780807 -0.277772 
0.544814 0.822592 -0.149629 
0.515265 0.833338 -0.179179 
0.532534 0.833337 -0.138884 
0.546605 0.824383 -0.138884 
0.55556 0.818684 -0.138884 
0.55556 0.81319 -0.159032 
0.611438 0.750327 -0.221894 
0.623889 0.762778 -0.138884 
0.694449 0.705048 -0.138884 
0.554248 0.832025 -0.00130721 
0.551842 0.833338 -0.00371288 
0.552373 0.833338 5e-06 
0.55556 0.831107 -0.00222575 
0.627485 0.766374 -0.0669583 
0.694449 0.706108 -0.127225 
0.700001 0.700001 -0.133332 
