5e-06 0.833338 -0.552375 
0.00370972 0.833337 -0.551845 
0.0678603 0.901193 -0.416661 
0.138894 0.895728 -0.416661 
0.138894 0.833338 -0.532532 
0.179177 0.833337 -0.515267 
0.189586 0.88403 -0.416661 
0.277783 0.863676 -0.416661 
0.277783 0.833338 -0.473006 
0.356663 0.833338 -0.416661 
0.299694 0.855249 -0.416661 
0.105556 0.938889 -0.31111 
0.117462 0.950795 -0.277772 
0.138894 0.949146 -0.277772 
0.138894 0.934721 -0.315277 
0.212627 0.907071 -0.342928 
0.232988 0.927432 -0.277772 
0.277783 0.917094 -0.277772 
0.277783 0.882638 -0.367361 
0.308121 0.863676 -0.386323 
0.338273 0.893828 -0.277772 
0.416671 0.863675 -0.277772 
0.416671 0.833338 -0.356651 
0.473012 0.833338 -0.277772 
0.436391 0.853057 -0.277772 
0.138894 0.972226 -0.177755 
0.254701 0.949145 -0.161965 
0.259029 0.953472 -0.138884 
0.277783 0.949144 -0.138884 
0.177763 0.972226 -0.138884 
0.277783 0.94222 -0.16889 
0.145372 0.978705 -0.138884 
0.350371 0.905926 -0.205184 
0.361421 0.916976 -0.138884 
0.416671 0.895725 -0.138884 
0.416671 0.872776 -0.238334 
0.515265 0.833338 -0.179179 
0.532534 0.833337 -0.138884 
0.43987 0.856537 -0.254573 
0.457223 0.873889 -0.138884 
0.267037 0.961481 -0.0107406 
0.267708 0.962152 5e-06 
0.277783 0.959827 5e-06 
0.224055 0.972226 5e-06 
0.277783 0.958794 -0.0134271 
0.197195 0.972226 -0.0805825 
0.145753 0.979086 -0.132024 
0.153088 0.98642 5e-06 
0.36634 0.921895 -0.0503261 
0.369136 0.924691 5e-06 
0.416671 0.906408 5e-06 
0.416671 0.900924 -0.0712975 
0.551842 0.833338 -0.00371288 
0.552373 0.833338 5e-06 
0.459357 0.876024 -0.0961977 
0.464167 0.880833 5e-06 
