-0.195695 -0.978493 0.0652378 
0.195695 0.978493 -0.0652378 
-0.195695 -0.978493 0.0652378 
-0.195695 -0.978493 0.0652378 
-0.192446 -0.96225 0.192456 
-0.0663679 -0.995585 0.0663774 
-0.0663679 -0.995585 0.0663774 
-0.0663679 -0.995585 0.0663774 
-0.0663679 -0.995585 0.0663774 
-0.0663679 -0.995585 0.0663774 
-0.0663679 -0.995585 0.0663774 
-0.0663679 -0.995585 0.0663774 
-0.0663679 -0.995585 0.0663774 
-0.0652284 -0.978491 0.195704 
-0.0652284 -0.978491 0.195704 
-0.0652284 -0.978491 0.195704 
-0.0652284 -0.978491 0.195704 
-0.0747385 -0.971665 0.224237 
-0.0747385 -0.971665 0.224237 
-0.0747385 -0.971665 0.224237 
-0.0716066 -0.930947 0.358064 
-0.0716066 -0.930947 0.358064 
-0.0716066 -0.930947 0.358064 
-0.0716066 -0.930947 0.358064 
-0.067569 -0.878456 0.473022 
