-0.153087 -0.986419 5e-06 
-0.138884 -0.98926 5e-06 
-0.145752 -0.979084 0.132026 
-0.138884 -0.980556 0.130554 
-0.138884 -0.98 0.138894 
-0.14537 -0.978702 0.138894 
-0.138884 -0.972216 0.17781 
-0.0246533 -0.996875 5e-06 
5e-06 -0.998518 5e-06 
-0.0170372 -0.989258 0.121852 
5e-06 -0.990476 0.120634 
5e-06 -0.989258 0.138894 
-0.015972 -0.988193 0.138894 
5e-06 -0.972216 0.224102 
-0.0805125 -0.972216 0.197265 
5e-06 -0.959828 0.277783 
-0.11746 -0.950793 0.277783 
-0.105558 -0.93889 0.311108 
5e-06 -0.952085 0.297914 
5e-06 -0.906408 0.416671 
-0.0678559 -0.901188 0.416671 
5e-06 -0.833327 0.55239 
