-0.153087 -0.986419 5e-06 
-0.224102 -0.972216 5e-06 
-0.145752 -0.979084 0.132026 
-0.197263 -0.972216 0.0805141 
-0.177802 -0.972216 0.138894 
-0.14537 -0.978702 0.138894 
-0.138884 -0.972216 0.17781 
-0.464167 -0.880833 5e-06 
-0.552392 -0.833327 5e-06 
-0.459357 -0.876023 0.0961983 
-0.551865 -0.833327 0.00368972 
-0.532549 -0.833327 0.138894 
-0.416661 -0.906413 5e-06 
-0.416661 -0.900929 0.0712925 
-0.416661 -0.895728 0.138894 
-0.457222 -0.873888 0.138894 
-0.439869 -0.856535 0.254575 
-0.515297 -0.833327 0.179147 
-0.473023 -0.833327 0.277783 
-0.416661 -0.872781 0.238329 
-0.416661 -0.863676 0.277783 
-0.436388 -0.853054 0.277783 
-0.416661 -0.833327 0.356687 
-0.369136 -0.924691 5e-06 
-0.366341 -0.921896 0.0503257 
-0.277772 -0.959831 5e-06 
-0.277772 -0.958799 0.0134224 
-0.277772 -0.949146 0.138894 
-0.36142 -0.916975 0.138894 
-0.350371 -0.905926 0.205184 
-0.277772 -0.942225 0.168885 
-0.277772 -0.917094 0.277782 
-0.338271 -0.893826 0.277783 
-0.30812 -0.863675 0.386324 
-0.356675 -0.833327 0.416671 
-0.277772 -0.882642 0.367357 
-0.277772 -0.863674 0.416671 
-0.29969 -0.855245 0.416671 
-0.277772 -0.833327 0.473029 
-0.26771 -0.962153 5e-06 
-0.267039 -0.961482 0.0107389 
-0.259028 -0.953472 0.138894 
-0.254702 -0.949146 0.161964 
-0.138884 -0.949145 0.277783 
-0.232986 -0.92743 0.277783 
-0.212627 -0.907071 0.342928 
-0.138884 -0.934725 0.315274 
-0.138884 -0.895725 0.416671 
-0.189582 -0.884026 0.416671 
-0.179149 -0.833327 0.515295 
-0.138884 -0.833327 0.532551 
-0.11746 -0.950793 0.277783 
-0.105558 -0.93889 0.311108 
-0.0678559 -0.901188 0.416671 
-0.00369288 -0.833327 0.551862 
5e-06 -0.833327 0.55239 
