-0.310644 -0.449532 0.833338 
-0.277772 -0.473012 0.833338 
-0.277773 -0.416661 0.86368 
-0.356663 -0.416661 0.833338 
-0.386662 -0.386662 0.833338 
-0.277772 -0.367356 0.882643 
-0.277772 -0.277772 0.917097 
-0.219995 -0.497773 0.833338 
-0.138884 -0.532535 0.833338 
-0.138884 -0.416661 0.89573 
-0.238328 -0.416661 0.872782 
-0.198886 -0.337775 0.912224 
-0.138884 -0.315275 0.934724 
-0.138884 -0.277772 0.949148 
-0.168886 -0.277772 0.942224 
-0.138884 -0.177762 0.972226 
-0.158323 -0.158323 0.972226 
-0.138884 -0.138884 0.980002 
-0.118745 -0.535411 0.833338 
5e-06 -0.552375 0.833338 
5e-06 -0.416661 0.906413 
-0.0712925 -0.416661 0.900929 
-0.0230152 -0.300793 0.949206 
5e-06 -0.297915 0.952083 
5e-06 -0.277772 0.95983 
-0.0134237 -0.277772 0.958798 
5e-06 -0.224056 0.972226 
-0.0638747 -0.202763 0.972226 
5e-06 -0.138884 0.98926 
-0.130553 -0.138884 0.980557 
-0.129912 -0.129912 0.981198 
5e-06 -0.120633 0.990477 
5e-06 5e-06 0.998519 
