-0.986419 -0.153087 5e-06 
-0.98926 -0.138884 5e-06 
-0.979084 -0.145752 0.132026 
-0.980556 -0.138884 0.130554 
-0.98 -0.138884 0.138894 
-0.978702 -0.14537 0.138894 
-0.972216 -0.138884 0.17781 
-0.996875 -0.0246533 5e-06 
-0.998518 5e-06 5e-06 
-0.989258 -0.0170372 0.121852 
-0.990476 5e-06 0.120634 
-0.989258 5e-06 0.138894 
-0.988193 -0.015972 0.138894 
-0.972216 5e-06 0.224102 
-0.972216 -0.0805125 0.197265 
-0.959828 5e-06 0.277783 
-0.950793 -0.11746 0.277783 
-0.93889 -0.105558 0.311108 
-0.952085 5e-06 0.297914 
-0.906408 5e-06 0.416671 
-0.901188 -0.0678559 0.416671 
-0.833327 5e-06 0.55239 
