-0.699999 -0.699999 0.133333 
-0.706116 -0.694439 0.127216 
-0.705054 -0.694439 0.138894 
-0.766374 -0.627486 0.0669582 
-0.831117 -0.55555 0.00221581 
-0.81869 -0.55555 0.138894 
-0.762777 -0.623888 0.138894 
-0.750327 -0.611438 0.221895 
-0.813201 -0.55555 0.15902 
-0.780811 -0.55555 0.277783 
-0.833327 -0.552392 5e-06 
-0.833327 -0.551865 0.00368972 
-0.832027 -0.55425 0.00130548 
-0.833327 -0.532549 0.138894 
-0.824383 -0.546605 0.138894 
-0.833327 -0.515297 0.179147 
-0.822594 -0.544816 0.149628 
-0.833327 -0.473023 0.277783 
-0.801234 -0.523456 0.277782 
-0.833327 -0.416661 0.356687 
-0.78889 -0.511112 0.32222 
-0.806061 -0.416661 0.416671 
-0.833327 -0.356675 0.416671 
-0.814582 -0.397916 0.416671 
-0.833327 -0.277772 0.473029 
-0.800002 -0.383335 0.449997 
-0.780807 -0.277773 0.55556 
-0.833327 -0.179149 0.515295 
-0.833327 -0.138884 0.532551 
-0.818685 -0.138884 0.55556 
-0.792061 -0.236506 0.55556 
-0.717778 -0.162223 0.67111 
-0.752788 -0.138884 0.636099 
-0.705047 -0.138884 0.694449 
-0.833327 -0.00369288 0.551862 
-0.833327 5e-06 0.55239 
-0.83131 5e-06 0.55556 
-0.819905 -0.125461 0.55556 
-0.779635 -0.085191 0.609253 
-0.822233 5e-06 0.566655 
-0.717673 5e-06 0.694449 
-0.715736 -0.0212927 0.694449 
-0.694439 5e-06 0.717682 
-0.694439 -0.127215 0.706118 
-0.577773 -0.022218 0.811114 
-0.566663 5e-06 0.822224 
-0.55555 5e-06 0.831317 
-0.55555 -0.00221775 0.831115 
-0.552375 5e-06 0.833338 
