0.0663774 -0.995584 0.0663774 
0.0663774 -0.995584 0.0663774 
0.0663774 -0.995584 0.0663774 
0.0663774 -0.995584 0.0663774 
0.195704 -0.978491 0.0652377 
0.195704 -0.978491 0.0652377 
0.195704 -0.978491 0.0652377 
-0.195704 0.978491 -0.0652377 
0.192455 -0.962248 0.192455 
0.224237 -0.971664 0.0747492 
0.224237 -0.971664 0.0747492 
0.224237 -0.971664 0.0747492 
0.224237 -0.971664 0.0747492 
0.219388 -0.950651 0.219388 
0.219388 -0.950651 0.219388 
0.219388 -0.950651 0.219388 
0.358064 -0.930947 0.0716168 
-0.358064 0.930947 -0.0716168 
0.358064 -0.930947 0.0716168 
0.358064 -0.930947 0.0716168 
0.358064 -0.930947 0.0716168 
0.358064 -0.930947 0.0716168 
0.358064 -0.930947 0.0716168 
-0.358064 0.930947 -0.0716168 
0.350937 -0.912418 0.210564 
-0.350937 0.912418 -0.210564 
0.350937 -0.912418 0.210564 
0.350937 -0.912418 0.210564 
0.350937 -0.912418 0.210564 
-0.350937 0.912418 -0.210564 
0.350937 -0.912418 0.210564 
-0.350937 0.912418 -0.210564 
0.337874 -0.878455 0.337874 
0.337874 -0.878455 0.337874 
0.337874 -0.878455 0.337874 
0.473022 -0.878455 0.0675787 
-0.473022 0.878455 -0.0675787 
-0.473022 0.878455 -0.0675787 
-0.473022 0.878455 -0.0675787 
0.464612 -0.862836 0.199122 
-0.464612 0.862836 -0.199122 
0.464612 -0.862836 0.199122 
-0.464612 0.862836 -0.199122 
0.449055 -0.833946 0.320755 
-0.449055 0.833946 -0.320755 
