0.382365 -0.841186 0.382365 
0.53531 -0.841187 0.0764775 
0.53531 -0.841187 0.0764775 
0.53531 -0.841187 0.0764775 
0.52321 -0.822174 0.224236 
0.52321 -0.822174 0.224236 
0.52321 -0.822174 0.224236 
0.52321 -0.822174 0.224236 
0.501285 -0.787721 0.358062 
0.501285 -0.787721 0.358062 
0.501285 -0.787721 0.358062 
0.501285 -0.787721 0.358062 
0.501285 -0.787721 0.358062 
-0.501285 0.787721 -0.358062 
0.473021 -0.743306 0.473021 
0.473021 -0.743306 0.473021 
0.473021 -0.743306 0.473021 
0.523209 -0.672685 0.523209 
-0.631681 0.772044 -0.0701913 
-0.631681 0.772044 -0.0701913 
-0.631681 0.772044 -0.0701913 
0.631681 -0.772044 0.0701913 
0.61959 -0.757266 0.206533 
-0.61959 0.757266 -0.206533 
0.61959 -0.757266 0.206533 
-0.61959 0.757266 -0.206533 
-0.61959 0.757266 -0.206533 
0.61959 -0.757266 0.206533 
0.688252 -0.688241 0.229421 
0.688252 -0.688241 0.229421 
-0.597355 0.73009 -0.331866 
0.597355 -0.73009 0.331866 
-0.597355 0.73009 -0.331866 
0.597355 -0.73009 0.331866 
0.658149 -0.658139 0.365641 
0.658149 -0.658139 0.365641 
0.658149 -0.658139 0.365641 
0.658149 -0.658139 0.365641 
0.568079 -0.694308 0.44184 
-0.568079 0.694308 -0.44184 
0.619589 -0.619579 0.481904 
0.619589 -0.619579 0.481904 
0.619589 -0.619579 0.481904 
0.619589 -0.619579 0.481904 
-0.619589 0.619579 -0.481904 
0.619589 -0.619579 0.481904 
0.619589 -0.619579 0.481904 
0.619589 -0.619579 0.481904 
0.672695 -0.523197 0.523208 
0.672695 -0.523197 0.523208 
0.577353 -0.577344 0.577353 
0.619588 -0.481893 0.619588 
0.619588 -0.481893 0.619588 
0.619588 -0.481893 0.619588 
0.619588 -0.481893 0.619588 
0.658147 -0.365629 0.658147 
0.658147 -0.365629 0.658147 
0.658147 -0.365629 0.658147 
0.658147 -0.365629 0.658147 
0.688248 -0.229409 0.688248 
-0.705655 0.705646 -0.0641546 
0.694318 -0.694309 0.189363 
-0.694318 0.694309 -0.189363 
0.757275 -0.61958 0.206533 
0.757275 -0.61958 0.206533 
-0.757275 0.61958 -0.206533 
0.757275 -0.61958 0.206533 
0.730099 -0.597345 0.331866 
0.730099 -0.597345 0.331866 
-0.730099 0.597345 -0.331866 
0.730099 -0.597345 0.331866 
0.787729 -0.501274 0.358061 
0.787729 -0.501274 0.358061 
0.787729 -0.501274 0.358061 
0.787729 -0.501274 0.358061 
0.694317 -0.568069 0.441839 
-0.694317 0.568069 -0.441839 
0.743313 -0.47301 0.473019 
0.743313 -0.47301 0.473019 
0.743313 -0.47301 0.473019 
-0.743313 0.47301 -0.473019 
0.743313 -0.47301 0.473019 
0.743313 -0.47301 0.473019 
0.743313 -0.47301 0.473019 
0.743313 -0.47301 0.473019 
0.787728 -0.358051 0.501283 
0.787728 -0.358051 0.501283 
0.787728 -0.358051 0.501283 
0.787728 -0.358051 0.501283 
0.694316 -0.44183 0.568077 
0.694316 -0.44183 0.568077 
0.730097 -0.331855 0.597353 
0.730097 -0.331855 0.597353 
0.730097 -0.331855 0.597353 
0.730097 -0.331855 0.597353 
0.730097 -0.331855 0.597353 
0.730097 -0.331855 0.597353 
0.730097 -0.331855 0.597353 
0.730097 -0.331855 0.597353 
0.757272 -0.206522 0.619587 
0.757272 -0.206522 0.619587 
0.757272 -0.206522 0.619587 
0.757272 -0.206522 0.619587 
0.694315 -0.189353 0.694315 
0.705651 -0.064145 0.705651 
