0.833338 -0.552375 5e-06 
0.906413 -0.416661 5e-06 
0.901193 -0.416661 0.0678603 
0.952083 -0.297915 5e-06 
0.95983 -0.277772 5e-06 
0.938889 -0.31111 0.105556 
0.950795 -0.277772 0.117462 
0.972226 -0.224056 5e-06 
0.972226 -0.197193 0.0805841 
0.972226 -0.177755 0.138894 
0.98926 -0.138884 5e-06 
0.988195 -0.138884 0.0159742 
0.98 -0.138884 0.138894 
0.978705 -0.138884 0.145372 
0.990477 -0.120633 5e-06 
0.998519 5e-06 5e-06 
0.98926 -0.12185 0.0170387 
0.996875 5e-06 0.0246541 
0.989259 5e-06 0.138894 
0.980556 -0.130554 0.138894 
0.979086 -0.132024 0.145753 
0.98642 5e-06 0.153088 
