5e-06 -0.552375 0.833338 
5e-06 -0.416661 0.906413 
0.0678603 -0.416661 0.901193 
5e-06 -0.297915 0.952083 
5e-06 -0.277772 0.95983 
0.105556 -0.31111 0.938889 
0.117462 -0.277772 0.950795 
5e-06 -0.224056 0.972226 
0.0805841 -0.197193 0.972226 
0.138894 -0.177755 0.972226 
5e-06 -0.138884 0.98926 
0.0159742 -0.138884 0.988195 
0.138894 -0.138884 0.98 
0.145372 -0.138884 0.978705 
5e-06 -0.120633 0.990477 
5e-06 5e-06 0.998519 
0.0170387 -0.12185 0.98926 
0.0246541 5e-06 0.996875 
0.138894 5e-06 0.989259 
0.138894 -0.130554 0.980556 
0.145753 -0.132024 0.979086 
0.153088 5e-06 0.98642 
