5e-06 -0.552375 0.833338 
0.00370972 -0.551845 0.833337 
0.0678603 -0.416661 0.901193 
0.138894 -0.416661 0.895728 
0.138894 -0.532532 0.833338 
0.179177 -0.515267 0.833337 
0.189586 -0.416661 0.88403 
0.277783 -0.416661 0.863676 
0.277783 -0.473006 0.833338 
0.356663 -0.416661 0.833338 
0.299694 -0.416661 0.855249 
0.105556 -0.31111 0.938889 
0.117462 -0.277772 0.950795 
0.138894 -0.277772 0.949146 
0.138894 -0.315277 0.934721 
0.212627 -0.342928 0.907071 
0.232988 -0.277772 0.927432 
0.277783 -0.277772 0.917094 
0.277782 -0.367361 0.882638 
0.308121 -0.386323 0.863676 
0.338273 -0.277772 0.893828 
0.416671 -0.277772 0.863675 
0.416671 -0.356651 0.833338 
0.473012 -0.277772 0.833338 
0.436391 -0.277772 0.853057 
0.138894 -0.177755 0.972226 
0.254701 -0.161965 0.949145 
0.259029 -0.138884 0.953472 
0.277783 -0.138884 0.949144 
0.177763 -0.138884 0.972226 
0.277783 -0.16889 0.94222 
0.145372 -0.138884 0.978705 
0.350371 -0.205184 0.905926 
0.361421 -0.138884 0.916976 
0.416671 -0.138884 0.895725 
0.416671 -0.238334 0.872776 
0.515265 -0.179179 0.833338 
0.532534 -0.138884 0.833337 
0.43987 -0.254573 0.856537 
0.457223 -0.138884 0.873889 
0.267037 -0.0107406 0.961481 
0.267708 5e-06 0.962152 
0.277783 5e-06 0.959827 
0.224055 5e-06 0.972226 
0.277783 -0.0134271 0.958794 
0.197195 -0.0805825 0.972226 
0.145753 -0.132024 0.979086 
0.153088 5e-06 0.98642 
0.36634 -0.0503261 0.921895 
0.369136 5e-06 0.924691 
0.416671 5e-06 0.906408 
0.416671 -0.0712975 0.900924 
0.551842 -0.00371288 0.833338 
0.552373 5e-06 0.833338 
0.459357 -0.0961977 0.876024 
0.464167 5e-06 0.880833 
