-0.841187 0.0764775 0.53531 
-0.772044 0.0701913 0.631681 
-0.772044 0.0701913 0.631681 
-0.772044 0.0701913 0.631681 
-0.772044 0.0701913 0.631681 
-0.705646 0.0641546 0.705655 
-0.705646 0.0641546 0.705655 
-0.705646 0.0641546 0.705655 
-0.63167 0.0701912 0.772053 
-0.63167 0.0701912 0.772053 
-0.63167 0.0701912 0.772053 
-0.63167 0.0701912 0.772053 
-0.63167 0.0701912 0.772053 
-0.63167 0.0701912 0.772053 
-0.63167 0.0701912 0.772053 
-0.63167 0.0701912 0.772053 
-0.61958 0.206533 0.757275 
-0.61958 0.206533 0.757275 
-0.61958 0.206533 0.757275 
-0.61958 0.206533 0.757275 
-0.535297 0.0764773 0.841195 
-0.535297 0.0764773 0.841195 
-0.535297 0.0764773 0.841195 
-0.535297 0.0764773 0.841195 
-0.523198 0.224235 0.822182 
-0.523198 0.224235 0.822182 
-0.523198 0.224235 0.822182 
-0.523198 0.224235 0.822182 
-0.501274 0.358061 0.787729 
-0.501274 0.358061 0.787729 
-0.501274 0.358061 0.787729 
-0.501274 0.358061 0.787729 
-0.382352 0.382363 0.841193 
-0.382352 0.382363 0.841193 
-0.358051 0.501283 0.787728 
-0.358051 0.501283 0.787728 
-0.358051 0.501283 0.787728 
-0.358051 0.501283 0.787728 
-0.224224 0.523207 0.822179 
-0.224224 0.523207 0.822179 
-0.224224 0.523207 0.822179 
-0.224224 0.523207 0.822179 
-0.224224 0.523207 0.822179 
-0.224224 0.523207 0.822179 
-0.224224 0.523207 0.822179 
-0.224224 0.523207 0.822179 
-0.206522 0.619587 0.757272 
-0.206522 0.619587 0.757272 
-0.206522 0.619587 0.757272 
-0.206522 0.619587 0.757272 
-0.0764659 0.535305 0.841191 
-0.0764659 0.535305 0.841191 
-0.0764659 0.535305 0.841191 
-0.0764659 0.535305 0.841191 
-0.0764659 0.535305 0.841191 
-0.0701807 0.631677 0.772048 
-0.0701807 0.631677 0.772048 
-0.0701807 0.631677 0.772048 
-0.0701807 0.631677 0.772048 
-0.064145 0.705651 0.705651 
