-0.833327 0.386673 0.386673 
-0.833327 0.356675 0.416671 
-0.806056 0.416671 0.416671 
-0.833327 5e-06 0.55239 
-0.833327 0.118758 0.535425 
-0.831109 0.00222381 0.55556 
-0.818683 0.138894 0.55556 
-0.833327 0.138894 0.532548 
-0.833327 0.220007 0.497785 
-0.813191 0.15903 0.55556 
-0.780803 0.277783 0.55556 
-0.833327 0.277783 0.473023 
-0.833327 0.310654 0.449543 
-0.737031 0.374079 0.55556 
-0.717671 0.416671 0.55556 
-0.758328 0.416671 0.49167 
-0.694439 0.453178 0.55556 
-0.694439 0.504369 0.504369 
-0.614807 0.55556 0.55556 
-0.811135 0.0221976 0.577753 
-0.706106 0.127226 0.694449 
-0.705045 0.138894 0.694449 
-0.752778 0.138894 0.636109 
-0.694439 0.177783 0.694449 
-0.694439 0.277783 0.661115 
-0.694439 0.252782 0.669449 
-0.661105 0.277783 0.694449 
-0.694439 0.416671 0.583954 
-0.694439 0.345639 0.623417 
-0.619435 0.352787 0.694449 
-0.583942 0.416671 0.694449 
-0.694439 0.432643 0.571532 
-0.657933 0.453177 0.592066 
-0.55555 0.453175 0.694449 
-0.55555 0.55556 0.614816 
-0.55555 0.510767 0.649655 
-0.453163 0.55556 0.694449 
-0.55555 0.585188 0.585188 
-0.507068 0.604042 0.604042 
-0.416661 0.58395 0.694449 
-0.416661 0.639199 0.639199 
-0.300854 0.671367 0.671367 
-0.352786 0.619435 0.694449 
-0.277772 0.661108 0.694449 
-0.277772 0.677779 0.677779 
-0.177748 0.694449 0.694449 
-0.694439 0.138894 0.705055 
-0.694439 0.147227 0.702782 
-0.671106 0.162227 0.717782 
-0.55555 0.277783 0.78081 
-0.55555 0.416671 0.717679 
-0.55555 0.337156 0.753822 
-0.449999 0.383334 0.8 
-0.49167 0.416671 0.758329 
-0.416661 0.416671 0.806061 
-0.55555 0.430867 0.708645 
-0.53232 0.439901 0.717678 
-0.416661 0.55556 0.717677 
-0.416661 0.484879 0.762656 
-0.322221 0.511111 0.788889 
-0.374077 0.55556 0.737033 
-0.277772 0.55556 0.780807 
-0.416661 0.568335 0.707224 
-0.399628 0.572594 0.711482 
-0.277772 0.603057 0.741946 
-0.221894 0.611438 0.750327 
-0.138884 0.694449 0.705048 
-0.138884 0.699748 0.699748 
-0.133332 0.700001 0.700001 
