-0.47301 0.0675784 0.878461 
-0.47301 0.0675784 0.878461 
-0.47301 0.0675784 0.878461 
-0.4646 0.199121 0.862843 
-0.4646 0.199121 0.862843 
-0.4646 0.199121 0.862843 
-0.4646 0.199121 0.862843 
-0.449044 0.320754 0.833952 
-0.449044 0.320754 0.833952 
-0.358051 0.0716164 0.930951 
-0.358051 0.0716164 0.930951 
-0.358051 0.0716164 0.930951 
-0.358051 0.0716164 0.930951 
-0.350925 0.210563 0.912423 
-0.350925 0.210563 0.912423 
-0.350925 0.210563 0.912423 
-0.350925 0.210563 0.912423 
-0.350925 0.210563 0.912423 
-0.350925 0.210563 0.912423 
-0.350925 0.210563 0.912423 
-0.350925 0.210563 0.912423 
-0.337862 0.337872 0.87846 
-0.337862 0.337872 0.87846 
-0.337862 0.337872 0.87846 
-0.337862 0.337872 0.87846 
-0.337862 0.337872 0.87846 
-0.337862 0.337872 0.87846 
-0.337862 0.337872 0.87846 
-0.337862 0.337872 0.87846 
-0.320744 0.449053 0.833951 
-0.320744 0.449053 0.833951 
-0.224224 0.0747486 0.971667 
-0.219375 0.219386 0.950655 
-0.219375 0.219386 0.950655 
-0.219375 0.219386 0.950655 
-0.219375 0.219386 0.950655 
-0.219375 0.219386 0.950655 
-0.219375 0.219386 0.950655 
-0.219375 0.219386 0.950655 
-0.219375 0.219386 0.950655 
-0.192445 0.192454 0.962251 
-0.210553 0.350934 0.912421 
-0.210553 0.350934 0.912421 
-0.210553 0.350934 0.912421 
-0.210553 0.350934 0.912421 
-0.210553 0.350934 0.912421 
-0.210553 0.350934 0.912421 
-0.210553 0.350934 0.912421 
-0.210553 0.350934 0.912421 
-0.199111 0.464609 0.86284 
-0.199111 0.464609 0.86284 
-0.199111 0.464609 0.86284 
-0.199111 0.464609 0.86284 
-0.199111 0.464609 0.86284 
-0.199111 0.464609 0.86284 
-0.199111 0.464609 0.86284 
-0.199111 0.464609 0.86284 
-0.0747377 0.224235 0.971665 
-0.0747377 0.224235 0.971665 
-0.0747377 0.224235 0.971665 
-0.0747377 0.224235 0.971665 
-0.0747377 0.224235 0.971665 
-0.0747377 0.224235 0.971665 
-0.0747377 0.224235 0.971665 
-0.0747377 0.224235 0.971665 
-0.0652278 0.195702 0.978492 
-0.0652278 0.195702 0.978492 
-0.0652278 0.195702 0.978492 
-0.0652278 0.195702 0.978492 
-0.0716059 0.35806 0.930949 
-0.0716059 0.35806 0.930949 
-0.0716059 0.35806 0.930949 
-0.0716059 0.35806 0.930949 
-0.0716059 0.35806 0.930949 
-0.0716059 0.35806 0.930949 
-0.0716059 0.35806 0.930949 
-0.0716059 0.35806 0.930949 
-0.0675685 0.473018 0.878458 
-0.0675685 0.473018 0.878458 
-0.0675685 0.473018 0.878458 
-0.0675685 0.473018 0.878458 
-0.0675685 0.473018 0.878458 
-0.0675685 0.473018 0.878458 
-0.0675685 0.473018 0.878458 
-0.0675685 0.473018 0.878458 
