0.672691 0.523205 0.523205 
0.672691 0.523205 0.523205 
0.672691 0.523205 0.523205 
0.688247 0.229419 0.688247 
0.688247 0.229419 0.688247 
0.688247 0.229419 0.688247 
0.658145 0.365638 0.658145 
0.658145 0.365638 0.658145 
0.658145 0.365638 0.658145 
0.658145 0.365638 0.658145 
0.619585 0.481901 0.619585 
0.619585 0.481901 0.619585 
0.619585 0.481901 0.619585 
0.619585 0.481901 0.619585 
0.619585 0.481901 0.619585 
0.619585 0.481901 0.619585 
0.57735 0.57735 0.57735 
0.841189 0.382362 0.382362 
0.841189 0.382362 0.382362 
0.841189 0.382362 0.382362 
0.84119 0.0764768 0.535305 
0.84119 0.0764768 0.535305 
0.84119 0.0764768 0.535305 
0.84119 0.0764768 0.535305 
0.84119 0.0764768 0.535305 
0.84119 0.0764768 0.535305 
0.84119 0.0764768 0.535305 
0.84119 0.0764768 0.535305 
0.822177 0.224234 0.523206 
0.822177 0.224234 0.523206 
0.822177 0.224234 0.523206 
0.822177 0.224234 0.523206 
0.822177 0.224234 0.523206 
0.822177 0.224234 0.523206 
0.822177 0.224234 0.523206 
0.822177 0.224234 0.523206 
0.787725 0.35806 0.501281 
0.787725 0.35806 0.501281 
0.787725 0.35806 0.501281 
0.787725 0.35806 0.501281 
0.787725 0.35806 0.501281 
0.787725 0.35806 0.501281 
0.787725 0.35806 0.501281 
0.787725 0.35806 0.501281 
0.787725 0.35806 0.501281 
0.787725 0.35806 0.501281 
0.74331 0.473017 0.473017 
0.74331 0.473017 0.473017 
0.74331 0.473017 0.473017 
-0.74331 -0.473017 -0.473017 
0.74331 0.473017 0.473017 
0.772048 0.0701908 0.631677 
0.772048 0.0701908 0.631677 
0.772048 0.0701908 0.631677 
0.772048 0.0701908 0.631677 
0.772048 0.0701908 0.631677 
0.772048 0.0701908 0.631677 
0.772048 0.0701908 0.631677 
0.772048 0.0701908 0.631677 
0.75727 0.206532 0.619586 
0.75727 0.206532 0.619586 
0.75727 0.206532 0.619586 
0.75727 0.206532 0.619586 
0.75727 0.206532 0.619586 
0.75727 0.206532 0.619586 
0.75727 0.206532 0.619586 
0.75727 0.206532 0.619586 
0.75727 0.206532 0.619586 
0.75727 0.206532 0.619586 
0.730095 0.331864 0.597351 
0.730095 0.331864 0.597351 
0.730095 0.331864 0.597351 
0.730095 0.331864 0.597351 
0.730095 0.331864 0.597351 
0.730095 0.331864 0.597351 
0.730095 0.331864 0.597351 
0.730095 0.331864 0.597351 
0.694313 0.441837 0.568075 
0.694313 0.441837 0.568075 
0.694313 0.441837 0.568075 
0.694313 0.441837 0.568075 
0.694313 0.441837 0.568075 
0.694313 0.441837 0.568075 
0.70565 0.0641542 0.70565 
0.70565 0.0641542 0.70565 
0.70565 0.0641542 0.70565 
0.70565 0.0641542 0.70565 
0.694313 0.189362 0.694313 
0.694313 0.189362 0.694313 
0.694313 0.189362 0.694313 
