0.954574 0.121242 0.260131 
0.950792 0.117459 0.277783 
0.949143 0.138894 0.277783 
0.953471 0.138894 0.259027 
0.972226 0.138894 0.177756 
0.934502 0.240059 0.240059 
0.927429 0.232985 0.277783 
0.917091 0.277783 0.277783 
0.972226 0.158325 0.158325 
0.977778 0.144446 0.144446 
0.919883 0.0865502 0.364328 
0.901188 0.067856 0.416671 
0.895724 0.138894 0.416671 
0.916975 0.138894 0.36142 
0.905026 0.210582 0.349471 
0.884026 0.189582 0.416671 
0.863672 0.277782 0.416671 
0.893826 0.277783 0.338271 
0.833338 0.386661 0.386661 
0.833338 0.356651 0.416671 
0.880676 0.325121 0.325121 
0.855246 0.299691 0.416671 
0.833338 5e-06 0.552373 
0.833338 0.118743 0.53541 
0.878571 0.045239 0.461905 
0.833337 0.138894 0.532531 
0.873888 0.138894 0.457222 
0.833338 0.219995 0.497773 
0.868599 0.174155 0.451933 
0.833338 0.277783 0.473006 
0.853055 0.277782 0.436389 
0.833338 0.310644 0.449533 
0.849111 0.293556 0.432445 
