0.260131 0.121242 0.954574 
0.277783 0.117459 0.950792 
0.277783 0.138894 0.949143 
0.259027 0.138894 0.953471 
0.177756 0.138894 0.972226 
0.240059 0.240059 0.934502 
0.277783 0.232985 0.927429 
0.277783 0.277783 0.917091 
0.158325 0.158325 0.972226 
0.144446 0.144446 0.977778 
0.364328 0.0865502 0.919883 
0.416671 0.067856 0.901188 
0.416671 0.138894 0.895724 
0.36142 0.138894 0.916975 
0.349471 0.210582 0.905026 
0.416671 0.189582 0.884026 
0.416671 0.277782 0.863672 
0.338271 0.277783 0.893826 
0.386661 0.386661 0.833338 
0.416671 0.356651 0.833338 
0.325121 0.325121 0.880676 
0.416671 0.299691 0.855246 
0.552373 5e-06 0.833338 
0.53541 0.118743 0.833338 
0.461905 0.045239 0.878571 
0.532531 0.138894 0.833337 
0.457222 0.138894 0.873888 
0.497773 0.219995 0.833338 
0.451933 0.174155 0.868599 
0.473006 0.277783 0.833338 
0.436389 0.277782 0.853055 
0.449533 0.310644 0.833338 
0.432445 0.293556 0.849111 
