0.224234 0.0747484 0.971664 
0.224234 0.0747484 0.971664 
0.224234 0.0747484 0.971664 
0.219385 0.219385 0.950652 
0.219385 0.219385 0.950652 
0.219385 0.219385 0.950652 
0.219385 0.219385 0.950652 
0.219385 0.219385 0.950652 
0.192454 0.192454 0.962249 
0.35806 0.0716161 0.930948 
0.35806 0.0716161 0.930948 
0.35806 0.0716161 0.930948 
0.35806 0.0716161 0.930948 
0.350934 0.210562 0.912419 
0.350934 0.210562 0.912419 
0.350934 0.210562 0.912419 
0.350934 0.210562 0.912419 
0.350934 0.210562 0.912419 
0.350934 0.210562 0.912419 
0.350934 0.210562 0.912419 
0.350934 0.210562 0.912419 
0.337871 0.337871 0.878457 
0.337871 0.337871 0.878457 
0.337871 0.337871 0.878457 
0.337871 0.337871 0.878457 
0.337871 0.337871 0.878457 
0.473018 0.0675781 0.878457 
0.473018 0.0675781 0.878457 
0.473018 0.0675781 0.878457 
0.473018 0.0675781 0.878457 
0.473018 0.0675781 0.878457 
0.464608 0.19912 0.862839 
0.464608 0.19912 0.862839 
0.464608 0.19912 0.862839 
0.464608 0.19912 0.862839 
0.464608 0.19912 0.862839 
0.464608 0.19912 0.862839 
0.464608 0.19912 0.862839 
0.464608 0.19912 0.862839 
0.449052 0.320752 0.833949 
0.449052 0.320752 0.833949 
0.449052 0.320752 0.833949 
0.449052 0.320752 0.833949 
0.449052 0.320752 0.833949 
0.449052 0.320752 0.833949 
