0.524396 0.524396 0.663285 
0.504362 0.504362 0.694449 
0.453164 0.55556 0.694449 
0.510762 0.55556 0.64965 
0.55556 0.55556 0.614807 
0.263492 0.680158 0.680158 
0.252774 0.66944 0.694449 
0.17775 0.694449 0.694449 
0.277783 0.661104 0.694449 
0.277783 0.677776 0.677776 
0.37343 0.651207 0.651207 
0.345632 0.62341 0.694449 
0.416671 0.583943 0.694449 
0.416671 0.639196 0.639196 
0.476889 0.615778 0.615778 
0.432637 0.571525 0.694449 
0.55556 0.585183 0.585183 
0.575309 0.575309 0.575309 
0.402381 0.402381 0.819047 
0.386661 0.386661 0.833338 
0.356651 0.416671 0.833338 
0.397915 0.416671 0.814581 
0.416671 0.416671 0.806055 
5e-06 0.554321 0.832098 
5e-06 0.552373 0.833338 
0.130409 0.547076 0.824853 
0.118743 0.53541 0.833338 
0.138894 0.532531 0.833337 
5e-06 0.55556 0.83131 
0.12546 0.55556 0.819904 
0.138894 0.55556 0.818682 
0.138894 0.546604 0.824382 
0.250265 0.528042 0.80582 
0.219995 0.497773 0.833338 
0.277783 0.473006 0.833338 
0.236506 0.55556 0.792061 
0.277783 0.55556 0.780803 
0.277783 0.523456 0.801233 
0.361353 0.500242 0.778019 
0.310644 0.449533 0.833338 
0.337151 0.55556 0.753817 
0.416671 0.55556 0.717671 
0.416671 0.484875 0.762653 
0.465778 0.465778 0.743556 
0.430863 0.55556 0.70864 
5e-06 0.630833 0.769722 
0.0716937 0.627249 0.766137 
5e-06 0.694449 0.717673 
0.0212939 0.694449 0.715738 
0.138894 0.694449 0.705046 
0.138894 0.623888 0.762777 
0.19831 0.614976 0.753865 
0.14722 0.694449 0.702775 
0.277783 0.603055 0.741944 
0.315778 0.593556 0.732445 
0.416671 0.568332 0.707221 
0.426132 0.565021 0.70391 
5e-06 0.706061 0.706061 
0.0111123 0.705556 0.705556 
0.138894 0.699747 0.699747 
0.143557 0.699112 0.699112 
