0.57735 0.57735 0.57735 
0.568075 0.441835 0.694315 
0.568075 0.441835 0.694315 
0.568075 0.441835 0.694315 
0.568075 0.441835 0.694315 
0.568075 0.441835 0.694315 
0.568075 0.441835 0.694315 
0.619586 0.481899 0.619586 
0.619586 0.481899 0.619586 
0.619586 0.481899 0.619586 
0.619586 0.481899 0.619586 
0.619586 0.481899 0.619586 
0.619586 0.481899 0.619586 
0.473015 0.473015 0.743312 
0.473015 0.473015 0.743312 
0.473015 0.473015 0.743312 
0.473015 0.473015 0.743312 
0.473015 0.473015 0.743312 
0.523204 0.523204 0.672692 
0.523204 0.523204 0.672692 
0.523204 0.523204 0.672692 
0.597351 0.33186 0.730097 
0.597351 0.33186 0.730097 
0.597351 0.33186 0.730097 
0.597351 0.33186 0.730097 
0.597351 0.33186 0.730097 
0.597351 0.33186 0.730097 
0.597351 0.33186 0.730097 
0.597351 0.33186 0.730097 
0.658146 0.365634 0.658146 
0.658146 0.365634 0.658146 
0.658146 0.365634 0.658146 
0.658146 0.365634 0.658146 
0.50128 0.358055 0.787728 
0.50128 0.358055 0.787728 
0.50128 0.358055 0.787728 
0.50128 0.358055 0.787728 
0.50128 0.358055 0.787728 
0.50128 0.358055 0.787728 
0.50128 0.358055 0.787728 
0.50128 0.358055 0.787728 
0.50128 0.358055 0.787728 
0.50128 0.358055 0.787728 
0.382357 0.382357 0.841193 
0.382357 0.382357 0.841193 
0.382357 0.382357 0.841193 
0.694314 0.189355 0.694314 
0.694314 0.189355 0.694314 
0.694314 0.189355 0.694314 
0.619585 0.206525 0.757272 
0.619585 0.206525 0.757272 
0.619585 0.206525 0.757272 
0.619585 0.206525 0.757272 
0.619585 0.206525 0.757272 
0.619585 0.206525 0.757272 
0.619585 0.206525 0.757272 
0.619585 0.206525 0.757272 
0.619585 0.206525 0.757272 
0.619585 0.206525 0.757272 
0.688248 0.229412 0.688248 
0.688248 0.229412 0.688248 
0.688248 0.229412 0.688248 
0.523204 0.224227 0.82218 
0.523204 0.224227 0.82218 
0.523204 0.224227 0.82218 
0.523204 0.224227 0.82218 
0.523204 0.224227 0.82218 
0.523204 0.224227 0.82218 
0.523204 0.224227 0.82218 
0.523204 0.224227 0.82218 
0.705651 0.0641458 0.705651 
0.705651 0.0641458 0.705651 
0.705651 0.0641458 0.705651 
0.705651 0.0641458 0.705651 
0.631676 0.0701817 0.772049 
0.631676 0.0701817 0.772049 
0.631676 0.0701817 0.772049 
0.631676 0.0701817 0.772049 
0.631676 0.0701817 0.772049 
0.631676 0.0701817 0.772049 
0.631676 0.0701817 0.772049 
0.631676 0.0701817 0.772049 
0.535302 0.076467 0.841192 
0.535302 0.076467 0.841192 
0.535302 0.076467 0.841192 
0.535302 0.076467 0.841192 
0.535302 0.076467 0.841192 
0.535302 0.076467 0.841192 
0.535302 0.076467 0.841192 
0.535302 0.076467 0.841192 
