0.962252 0.192447 0.192447 
0.833952 0.320748 0.449049 
0.833952 0.320748 0.449049 
0.833952 0.320748 0.449049 
0.833952 0.320748 0.449049 
0.833952 0.320748 0.449049 
0.833952 0.320748 0.449049 
0.87846 0.337866 0.337866 
0.87846 0.337866 0.337866 
0.87846 0.337866 0.337866 
0.87846 0.337866 0.337866 
0.87846 0.337866 0.337866 
0.862842 0.199114 0.464605 
0.862842 0.199114 0.464605 
0.862842 0.199114 0.464605 
0.862842 0.199114 0.464605 
0.862842 0.199114 0.464605 
0.862842 0.199114 0.464605 
0.862842 0.199114 0.464605 
0.862842 0.199114 0.464605 
0.912423 0.210555 0.350929 
0.912423 0.210555 0.350929 
0.912423 0.210555 0.350929 
0.912423 0.210555 0.350929 
0.912423 0.210555 0.350929 
0.912423 0.210555 0.350929 
0.912423 0.210555 0.350929 
0.912423 0.210555 0.350929 
0.950656 0.219378 0.219378 
0.950656 0.219378 0.219378 
-0.950656 -0.219378 -0.219378 
0.950656 0.219378 0.219378 
0.950656 0.219378 0.219378 
0.87846 0.0675693 0.473015 
0.87846 0.0675693 0.473015 
0.87846 0.0675693 0.473015 
0.87846 0.0675693 0.473015 
0.87846 0.0675693 0.473015 
0.930951 0.0716068 0.358055 
0.930951 0.0716068 0.358055 
0.930951 0.0716068 0.358055 
0.930951 0.0716068 0.358055 
0.971667 0.0747386 0.224227 
0.971667 0.0747386 0.224227 
0.971667 0.0747386 0.224227 
