-0.977777 -0.144444 -0.144444 
-0.972216 -0.158346 -0.158346 
-0.972216 -0.138884 -0.177808 
-0.84911 -0.293555 -0.432444 
-0.833327 -0.310654 -0.449542 
-0.833327 -0.277772 -0.473029 
-0.833327 -0.356687 -0.416661 
-0.853056 -0.277772 -0.43639 
-0.863679 -0.277772 -0.416661 
-0.855248 -0.299693 -0.416661 
-0.880676 -0.325121 -0.325121 
-0.833327 -0.386674 -0.386674 
-0.893828 -0.277772 -0.338273 
-0.917097 -0.277772 -0.277772 
-0.868598 -0.174155 -0.451932 
-0.833327 -0.220007 -0.497785 
-0.833327 -0.138884 -0.532552 
-0.873889 -0.138884 -0.457223 
-0.89573 -0.138884 -0.416661 
-0.88403 -0.189586 -0.416661 
-0.905026 -0.210583 -0.349471 
-0.916976 -0.138884 -0.361421 
-0.949148 -0.138884 -0.277772 
-0.927432 -0.232988 -0.277772 
-0.934503 -0.240059 -0.240059 
-0.953473 -0.138884 -0.25903 
-0.878571 -0.0452385 -0.461905 
-0.833327 -0.11876 -0.535426 
-0.833327 5e-06 -0.552392 
-0.901193 -0.0678602 -0.416661 
-0.919883 -0.0865506 -0.364328 
-0.950796 -0.117463 -0.277772 
-0.954576 -0.121243 -0.260132 
