-0.144444 -0.977777 -0.144444 
-0.145371 -0.978704 -0.138884 
-0.177808 -0.972216 -0.138884 
-0.152339 -0.985672 -0.0134504 
-0.153087 -0.986419 5e-06 
-0.224102 -0.972216 5e-06 
-0.202798 -0.972216 -0.0639097 
-0.461905 -0.878571 -0.0452385 
-0.464167 -0.880833 5e-06 
-0.552392 -0.833327 5e-06 
-0.416661 -0.906413 5e-06 
-0.416661 -0.901193 -0.0678602 
-0.364328 -0.919883 -0.0865506 
-0.369136 -0.924691 5e-06 
-0.277772 -0.959831 5e-06 
-0.277772 -0.950796 -0.117463 
-0.260132 -0.954576 -0.121243 
-0.26771 -0.962153 5e-06 
