-0.977777 -0.144444 -0.144444 
-0.978704 -0.145371 -0.138884 
-0.972216 -0.177808 -0.138884 
-0.985672 -0.152339 -0.0134504 
-0.986419 -0.153087 5e-06 
-0.972216 -0.224102 5e-06 
-0.972216 -0.202798 -0.0639097 
-0.878571 -0.461905 -0.0452385 
-0.880833 -0.464167 5e-06 
-0.833327 -0.552392 5e-06 
-0.906413 -0.416661 5e-06 
-0.901193 -0.416661 -0.0678602 
-0.919883 -0.364328 -0.0865506 
-0.924691 -0.369136 5e-06 
-0.959831 -0.277772 5e-06 
-0.950796 -0.277772 -0.117463 
-0.954576 -0.260132 -0.121243 
-0.962153 -0.26771 5e-06 
