-0.575308 -0.575308 -0.575308 
-0.585187 -0.585187 -0.55555 
-0.614825 -0.55555 -0.55555 
-0.703909 -0.56502 -0.426131 
-0.707223 -0.568335 -0.416661 
-0.717683 -0.55555 -0.416661 
-0.694439 -0.58396 -0.416661 
-0.708644 -0.55555 -0.430866 
-0.694439 -0.55555 -0.453189 
-0.694439 -0.571531 -0.432642 
-0.615778 -0.615778 -0.476889 
-0.639199 -0.639199 -0.416661 
-0.649656 -0.55555 -0.510767 
-0.743555 -0.465778 -0.465778 
-0.762656 -0.484879 -0.416661 
-0.806067 -0.416661 -0.416661 
-0.694439 -0.504369 -0.504369 
-0.663285 -0.524397 -0.524397 
-0.732444 -0.593555 -0.315778 
-0.741945 -0.603057 -0.277772 
-0.780814 -0.55555 -0.277773 
-0.694439 -0.66112 -0.277772 
-0.753822 -0.55555 -0.337156 
-0.694439 -0.623417 -0.345639 
-0.651208 -0.651208 -0.37343 
-0.677779 -0.677779 -0.277772 
-0.833327 -0.449542 -0.310654 
-0.833327 -0.473029 -0.277772 
-0.778019 -0.500242 -0.361353 
-0.801236 -0.523458 -0.277772 
-0.833327 -0.416661 -0.356687 
-0.814586 -0.416661 -0.39792 
-0.833327 -0.386674 -0.386674 
-0.819048 -0.402382 -0.402382 
-0.69911 -0.69911 -0.143555 
-0.699747 -0.699747 -0.138884 
-0.705056 -0.694439 -0.138884 
-0.702781 -0.694439 -0.147226 
-0.694439 -0.694439 -0.177815 
-0.753865 -0.614976 -0.19831 
-0.762778 -0.623889 -0.138884 
-0.818692 -0.55555 -0.138884 
-0.792067 -0.55555 -0.236512 
-0.694439 -0.66945 -0.252783 
-0.680159 -0.680159 -0.263493 
-0.833327 -0.497785 -0.220007 
-0.833327 -0.532552 -0.138884 
-0.80582 -0.528043 -0.250265 
-0.824384 -0.546606 -0.138884 
-0.705555 -0.705555 -0.0111112 
-0.70606 -0.70606 5e-06 
-0.717682 -0.694439 5e-06 
-0.715745 -0.694439 -0.0213011 
-0.766138 -0.627249 -0.0716938 
-0.769722 -0.630833 5e-06 
-0.831318 -0.55555 5e-06 
-0.819912 -0.55555 -0.125468 
-0.833327 -0.535426 -0.11876 
-0.833327 -0.552392 5e-06 
-0.824854 -0.547077 -0.130411 
-0.832099 -0.554322 5e-06 
