?
-1.056655e+00
-1.056655e+00
-1.046040e+00
-1.000002e+00
-1.000002e+00
-9.998625e-01
-9.997046e-01
-9.994901e-01
-9.994440e-01
-9.994030e-01
-9.993869e-01
-9.991815e-01
-9.990895e-01
-9.990812e-01
-9.990812e-01
-9.989402e-01
-9.988899e-01
-9.988400e-01
-9.988353e-01
-9.985877e-01
-9.985877e-01
-9.970951e-01
-9.885747e-01
-9.874394e-01
-9.871853e-01
-9.871853e-01
-9.868268e-01
-9.848682e-01
-9.848682e-01
-9.831064e-01
-9.814567e-01
-9.808585e-01
-9.808585e-01
-9.775992e-01
-9.775992e-01
-9.772881e-01
-9.772881e-01
-9.752673e-01
-9.752673e-01
-9.736484e-01
-9.722658e-01
-9.680337e-01
-9.575798e-01
-9.575798e-01
-4.437412e-06
1.340585e+03
1.340585e+03
1.417566e+03
1.422999e+03
1.555297e+03
1.555297e+03
1.564002e+03
1.564002e+03
1.594471e+03
1.594471e+03
1.686304e+03
1.741661e+03
1.741661e+03
1.744181e+03
1.745419e+03
1.745419e+03
1.768392e+03
1.810662e+03
1.898581e+03
1.898581e+03
2.021829e+03
2.075358e+03
2.075358e+03
2.224858e+03
2.396084e+03
2.501033e+03
2.678585e+03
