-1.0001800791526554e+00
-9.9999445111998808e-01
-9.9999445111998631e-01
-9.9999295774910979e-01
-9.9999295774910801e-01
-9.9999280967622906e-01
-9.9999254873602517e-01
-9.9998915686540335e-01
-9.9998915686540291e-01
-9.9998732399673829e-01
-9.9998642695472073e-01
-9.9998642695471973e-01
-9.9998617569446047e-01
-9.9978653036796195e-01
-9.9969293058453046e-01
-9.9969293058453035e-01
-9.9955083021097257e-01
-9.9955083021097246e-01
-9.9931096185008372e-01
-9.9930822685089782e-01
-9.9930822685089660e-01
-9.9927906717080428e-01
-9.9920454783531332e-01
-9.9920454783531243e-01
-9.9919335835126266e-01
-9.9919335835126233e-01
-9.9916858889294136e-01
-9.9916296119793391e-01
-9.9916296119793313e-01
-9.9916078339441661e-01
-9.9916078339441650e-01
-9.9914375741780614e-01
-9.9907003242232495e-01
-9.9907003242232373e-01
-9.9906415570191198e-01
-9.9900463520737603e-01
-9.9883608277629854e-01
-9.9881638574114839e-01
-9.9856392571645669e-01
-9.9855498397074516e-01
-9.9854813942817400e-01
-9.9854813942817355e-01
-9.9854722797448114e-01
-9.9854722797448070e-01
-9.9851722910482177e-01
-9.9851722910482132e-01
-9.9851618181333968e-01
-9.9851618181333834e-01
-9.9850463378652321e-01
-9.9850303030951082e-01
-9.9835826514743276e-01
-9.9835826514743164e-01
-9.9833161040981433e-01
-9.9833161040981244e-01
-9.9723009115577099e-01
-9.9723009115577022e-01
-9.9717595161628947e-01
-9.9716761185685177e-01
-9.9716761185685121e-01
-9.9715802450618141e-01
-9.9711281462950474e-01
-9.9711281462950385e-01
-9.9710542105807132e-01
-9.9709303013566908e-01
-9.9709303013566852e-01
-9.9707757306806322e-01
-9.9570528412740600e-01
-9.9547581731366619e-01
-9.9547581731366430e-01
-9.9540969091530040e-01
-9.9504275928300379e-01
-9.9504275928300301e-01
-9.9476664146373561e-01
-9.9460530400788560e-01
-9.9056477944010102e-01
-9.9056477944009969e-01
-9.9049193640466004e-01
-9.9049193640465982e-01
-9.8868369834998238e-01
-9.8860361616362369e-01
-9.8860361616362213e-01
-9.8858427017805695e-01
-9.8858427017805628e-01
-9.8806279454718560e-01
-9.8788677548791382e-01
-9.8769911767144258e-01
-9.8750567760596364e-01
-9.8750567760596220e-01
-9.8743694841635554e-01
-9.8743694841635488e-01
-9.8671764257885153e-01
-9.8668423528877180e-01
-9.7261720216904013e-01
-9.7258537935967571e-01
-9.7258537935967493e-01
-9.7194423844331901e-01
-9.7194423844331779e-01
-9.7083967447031605e-01
-9.6963400119704479e-01
-9.6889276015410819e-01
-9.6889276015410697e-01
-9.6790136015598005e-01
-9.6774831359310687e-01
-9.6774831359310654e-01
-9.6110860849015245e-01
-9.6100878833533776e-01
-9.6062829510381587e-01
-9.6062829510381531e-01
-9.5991425115705542e-01
-9.5991425115705509e-01
-9.5824417545097407e-01
-9.5787862051059436e-01
-9.5787862051059403e-01
-9.5784657960306552e-01
-9.5784657960306518e-01
-9.5725611096884544e-01
-9.1060007655455011e-01
-9.0691267693454558e-01
-9.0691267693454480e-01
-9.0238522387160214e-01
-9.0238522387160169e-01
-8.9907093611794575e-01
-8.7209593132865781e-01
-8.7209593132865726e-01
-8.6242013401640771e-01
-8.4908604508808139e-01
-8.4785317820948858e-01
-8.4333519506908572e-01
-8.4333519506908516e-01
-8.4183370904906896e-01
-8.4183370904906829e-01
-8.3846516233892254e-01
-8.2299864922639465e-01
-8.2299864922639410e-01
-8.2152733151643142e-01
-8.1946778271355059e-01
-8.1946778271354936e-01
-8.1901055951710022e-01
-8.1861773951344341e-01
-8.1586692481383316e-01
-8.1586692481383272e-01
-8.1467224262605753e-01
-8.0748548840672252e-01
-8.0748548840672107e-01
-8.0017996093373100e-01
-7.4121221131650472e-01
-7.4121221131650417e-01
-7.4030117430378761e-01
-7.4030117430378717e-01
-7.1848018102456335e-01
-7.1485218438367149e-01
-7.1485218438366993e-01
-7.1311228123216941e-01
-7.0944380300107168e-01
-7.0944380300107146e-01
