-1.0001451005665782e+00
-9.9999745567159803e-01
-9.9999745567159648e-01
-9.9999687338023113e-01
-9.9999687338023058e-01
-9.9999680835264382e-01
-9.9999665730893861e-01
-9.9999339866097303e-01
-9.9999339866097225e-01
-9.9999211960588896e-01
-9.9999153896626347e-01
-9.9999153896626269e-01
-9.9999138525098741e-01
-9.9980833975171346e-01
-9.9975194278259427e-01
-9.9975194278259394e-01
-9.9974275135925317e-01
-9.9974275135925039e-01
-9.9974078717269244e-01
-9.9973917078740637e-01
-9.9973917078740537e-01
-9.9973887677656847e-01
-9.9973887677656670e-01
-9.9973542787563119e-01
-9.9973511529109471e-01
-9.9973370787628890e-01
-9.9971220674392591e-01
-9.9971220674392303e-01
-9.9963829133615167e-01
-9.9963829133615079e-01
-9.9959845194330332e-01
-9.9959326010401783e-01
-9.9959326010401650e-01
-9.9958695706482437e-01
-9.9958695706482226e-01
-9.9958060683425387e-01
-9.9957955610138383e-01
-9.9957813430848197e-01
-9.9957813430847975e-01
-9.9957167379506029e-01
-9.9952778220856775e-01
-9.9952778220856631e-01
-9.9946108890147267e-01
-9.9946108890147090e-01
-9.9933780780436776e-01
-9.9931975527633354e-01
-9.9928567555353387e-01
-9.9928548421497854e-01
-9.9928548421497643e-01
-9.9924672500973510e-01
-9.9912161513113285e-01
-9.9912161513113185e-01
-9.9909593229222460e-01
-9.9909593229222404e-01
-9.9909542257781048e-01
-9.9909504055282594e-01
-9.9909504055282528e-01
-9.9909196734538086e-01
-9.9909145983655223e-01
-9.9909145983655168e-01
-9.9907497952287094e-01
-9.9905102870242024e-01
-9.9903646804495294e-01
-9.9903646804495116e-01
-9.9902617259496207e-01
-9.9902617259496174e-01
-9.9797884139212056e-01
-9.9797884139211990e-01
-9.9789102791236695e-01
-9.9786416916103260e-01
-9.9776297014671711e-01
-9.9776297014671500e-01
-9.9744656656007535e-01
-9.9742822642810491e-01
-9.9675960419893728e-01
-9.9675960419893617e-01
-9.9675489257829186e-01
-9.9675489257829020e-01
-9.9638105944739463e-01
-9.9638095372932034e-01
-9.9432048918321703e-01
-9.9431919909809463e-01
-9.9423266545869238e-01
-9.9423266545869182e-01
-9.9417692330188245e-01
-9.9417692330188068e-01
-9.9380408300343270e-01
-9.9380408300343193e-01
-9.9371411215441052e-01
-9.9371411215440852e-01
-9.9368784944013255e-01
-9.9361277006130733e-01
-9.9289777074497987e-01
-9.9259512141792738e-01
-9.9259512141792394e-01
-9.9250231869950933e-01
-9.9245055350108513e-01
-9.9245055350108469e-01
-9.9214298802402801e-01
-9.9214298802402767e-01
-9.9202108990832816e-01
-9.9202108990832694e-01
-9.9195824974734936e-01
-9.9181641432361944e-01
-9.8914350162194375e-01
-9.8894968489316204e-01
-9.8867460636448723e-01
-9.8867460636448667e-01
-9.8858596385218978e-01
-9.8858596385218933e-01
-9.8801968194106216e-01
-9.8793277442559613e-01
-9.8793277442559557e-01
-9.8762550918691494e-01
-9.8762550918691450e-01
-9.8733464341549737e-01
-9.8494617329603262e-01
-9.8459685757903548e-01
-9.8398135391727148e-01
-9.8356599563582670e-01
-9.8246687680642497e-01
-9.8246687680642297e-01
-9.8174827857925218e-01
-9.8174827857925084e-01
-9.7855746223257134e-01
-9.7826160684375130e-01
-9.7826160684375041e-01
-9.7744633043414242e-01
-9.7736480795735170e-01
-9.7736480795734992e-01
-9.7602861850355815e-01
-9.7602861850355804e-01
-9.7518566252301642e-01
-9.7518566252301486e-01
-9.7066152556204133e-01
-9.6998501871370135e-01
-9.6998501871370002e-01
-9.6942784427227424e-01
-9.6877938828698951e-01
-9.6877938828698895e-01
-9.6849692974093327e-01
-9.6773826234801119e-01
-9.6643995274257966e-01
-9.6606552674921353e-01
-9.6606552674921231e-01
-9.6582091272451687e-01
-9.6439197411377398e-01
-9.6439197411377120e-01
-9.6434057117822458e-01
-9.6434057117822347e-01
-9.6137462756235226e-01
-9.5833961371333642e-01
-9.5833961371333554e-01
-9.5443679079758059e-01
-9.5380488584792900e-01
-9.5380488584792833e-01
-9.5215575429283628e-01
-9.4983105309716076e-01
-9.4983105309715987e-01
-9.4853464665917508e-01
-9.4589690923969427e-01
-9.4492007001730405e-01
-9.4319187456493170e-01
-9.4319187456492970e-01
-9.3889575524021374e-01
-9.3889575524021274e-01
-9.3851801598722784e-01
-9.3851801598722751e-01
-9.3379131641744006e-01
-9.3379131641743907e-01
-9.3052603011571788e-01
-9.2196529973675534e-01
-9.1964656968438685e-01
-9.1964656968438607e-01
-9.1877766856149390e-01
-9.1877766856149345e-01
-9.1419841542407843e-01
-9.0227724294503509e-01
-9.0227724294503464e-01
-8.9991056468674102e-01
-8.9991056468674080e-01
-8.9732999693490134e-01
-8.9358901108726518e-01
-8.8801769101496997e-01
-8.6600024712010026e-01
-8.6600024712009982e-01
-8.6431897353491105e-01
-8.5434045039712958e-01
-8.5434045039712869e-01
