-6.9061933333092140e-01
-6.9061933333092074e-01
-6.8587462857998094e-01
-6.8243199623709327e-01
-6.8243199623709305e-01
-6.8019333680728244e-01
-6.8000829930506568e-01
-6.8000829930506534e-01
-6.7699845604294029e-01
-6.7193361914546423e-01
-6.7193361914546423e-01
-6.6363513534322305e-01
-6.6026666102448506e-01
-6.5787783148280421e-01
-6.5721071227310413e-01
-6.5721071227310279e-01
-6.3893548984183746e-01
-6.3893548984183723e-01
-6.3830204503988086e-01
-6.3830204503988031e-01
-6.2824650735432419e-01
-6.2824650735432352e-01
-6.1628046679517712e-01
-6.1180106032880399e-01
-6.1150000278309902e-01
-6.0557251762306452e-01
-6.0557251762306397e-01
-5.8860100166705753e-01
-5.8691950835075613e-01
-5.8691950835075568e-01
-5.8329856702349103e-01
-5.8329856702349070e-01
-5.8076506794147731e-01
-5.7719276375752249e-01
-9.7474322643097275e-07
