-4.8795660706678297e-02
-4.8795660706678276e-02
-4.6007735718255435e-02
-4.3891513228792749e-02
-4.3891513228792707e-02
-4.2230627243194339e-02
-4.1177370246106973e-02
-4.1177370246106924e-02
-3.6788823276765144e-02
-3.4963015663623295e-02
-3.4963015663623254e-02
-3.4797918919136722e-02
-3.2609065549279462e-02
-3.1695443740167473e-02
-2.3042803231838715e-02
-2.3042803231838705e-02
-2.2603710926446127e-02
-2.2603710926446110e-02
-1.2660353934765773e-02
-1.2660353934765755e-02
-1.1538503431603101e-02
-1.1011463101095428e-02
-1.1011463101095414e-02
-5.8542188471599104e-03
-5.1180113528721920e-03
-1.0330866404961948e-13
