0.114702 -0.718631 -0.718631 
0.0406128 -0.624994 -0.79272 
0.208338 -0.624994 -0.772091 
5e-06 -0.556795 -0.833328 
0.0935724 -0.531427 -0.833328 
0.0241698 -0.60083 -0.809163 
0.208338 -0.503399 -0.833327 
0.208338 -0.586644 -0.794977 
0.347763 -0.416661 -0.833327 
0.264607 -0.568725 -0.777059 
0.416671 -0.416661 -0.809285 
0.416671 -0.34775 -0.833327 
0.416671 -0.40011 -0.816777 
0.503404 -0.208328 -0.833327 
0.452319 -0.381013 -0.797679 
0.625004 -0.208328 -0.756388 
0.531425 -0.0935739 -0.833327 
0.556794 5e-06 -0.833327 
0.625004 5e-06 -0.793265 
0.625004 -0.147819 -0.772819 
0.793273 5e-06 -0.624994 
0.780406 -0.0529267 -0.624994 
0.833338 5e-06 -0.556778 
