-0.144579 0.833502 0.533265 
-0.144579 0.833502 0.533265 
-0.127197 0.844126 0.520838 
-0.138484 0.903464 0.405678 
-0.138484 0.903464 0.405678 
-0.100024 0.900008 0.42424 
-0.0855734 0.834606 0.54416 
-0.0817993 0.908782 0.409176 
-0.321713 0.793145 0.517128 
-0.308818 0.867268 0.390484 
-0.160038 0.922907 0.350186 
-0.142774 0.931452 0.334683 
-0.149494 0.962395 0.226822 
-0.149494 0.962395 0.226822 
-0.113711 0.96472 0.237455 
-0.103428 0.930634 0.351032 
-0.103428 0.930634 0.351032 
-0.0961307 0.970609 0.22063 
-0.332815 0.882312 0.332805 
-0.318033 0.893149 0.318023 
-0.318033 0.893149 0.318023 
-0.311486 0.926613 0.21063 
-0.311486 0.926613 0.21063 
-0.284757 0.932581 0.221825 
-0.288977 0.896464 0.335923 
-0.268806 0.94106 0.205302 
0.491293 -0.815613 -0.305627 
-0.462396 0.866298 0.188992 
-0.168377 0.971238 0.168365 
-0.151718 0.976712 0.151705 
-0.115569 0.980484 0.159046 
-0.115569 0.980484 0.159046 
-0.330689 0.931563 0.151111 
-0.315731 0.939243 0.134672 
-0.289072 0.946711 0.142044 
-0.289072 0.946711 0.142044 
-0.480123 0.867491 0.130157 
-0.480123 0.867491 0.130157 
-0.467799 0.876422 0.11423 
