0.114702 -0.718631 -0.718631 
0.0406128 -0.79272 -0.624994 
0.208338 -0.772091 -0.624994 
5e-06 -0.833328 -0.556795 
0.0935724 -0.833328 -0.531427 
0.0241698 -0.809163 -0.60083 
0.208338 -0.833327 -0.503399 
0.208338 -0.794977 -0.586644 
0.347763 -0.833327 -0.416661 
0.264607 -0.777059 -0.568725 
0.416671 -0.809285 -0.416661 
0.416671 -0.833327 -0.34775 
0.416671 -0.816777 -0.40011 
0.503404 -0.833327 -0.208328 
0.452319 -0.797679 -0.381013 
0.625004 -0.756388 -0.208328 
0.531425 -0.833327 -0.0935739 
0.556794 -0.833327 5e-06 
0.625004 -0.793265 5e-06 
0.625004 -0.772819 -0.147819 
0.793273 -0.624994 5e-06 
0.780406 -0.624994 -0.0529267 
0.833338 -0.556778 5e-06 
