-0.100533 0.817408 0.567219 
-0.116074 0.896234 0.428126 
-0.101656 0.903547 0.416255 
-0.101656 0.903547 0.416255 
-0.105029 0.853965 0.509619 
-0.105029 0.853965 0.509619 
-0.291128 0.834418 0.467965 
-0.291128 0.834418 0.467965 
-0.389173 0.83665 0.385436 
-0.400163 0.786964 0.469635 
-0.288583 0.912932 0.288573 
-0.302921 0.868218 0.392984 
-0.507356 0.801857 0.315619 
-0.507356 0.801857 0.315619 
0.557915 -0.791307 -0.250128 
-0.578356 0.743197 0.336396 
-0.501738 0.854259 0.136017 
-0.489325 0.863877 0.119487 
0.489325 -0.863877 -0.119487 
-0.521141 0.823644 0.223658 
0.703753 -0.703745 -0.0973381 
-0.733138 0.656312 0.17822 
-0.733138 0.656312 0.17822 
-0.84394 0.495659 0.205154 
