-0.856129 0.45657 0.242047 
0.86085 -0.429356 -0.273112 
0.914483 -0.298451 -0.273217 
-0.914483 0.298451 0.273217 
-0.919917 0.261869 0.291852 
-0.872914 0.473139 0.118998 
-0.881204 0.448581 0.149179 
0.881204 -0.448581 -0.149179 
-0.876642 0.467509 0.113729 
-0.935139 0.321203 0.149478 
-0.94428 0.287716 0.159857 
0.94428 -0.287716 -0.159857 
-0.939045 0.293314 0.179333 
-0.940537 0.306954 0.145496 
0.940537 -0.306954 -0.145496 
-0.945451 0.30179 0.122656 
-0.950006 0.270434 0.156057 
-0.971172 0.161139 0.175669 
-0.975563 0.116475 0.186307 
0.975563 -0.116475 -0.186307 
-0.98082 0.122354 0.151728 
