-0.471337 5e-06 -0.888003 
-0.556795 5e-06 -0.833328 
-0.45316 0.17184 -0.869826 
-0.531427 0.0935724 -0.833328 
-0.503399 0.208338 -0.833327 
-0.416661 5e-06 -0.912553 
-0.416661 0.152484 -0.889181 
-0.416661 0.208338 -0.882974 
-0.450894 0.208338 -0.867561 
-0.416661 0.347763 -0.833327 
-0.323067 5e-06 -0.948067 
-0.30961 0.107056 -0.934609 
-0.208328 5e-06 -0.975109 
-0.208328 0.0787957 -0.96287 
-0.208328 0.208338 -0.947601 
-0.301437 0.208338 -0.926436 
-0.257973 0.367027 -0.882972 
-0.34775 0.416671 -0.833327 
-0.208328 0.350028 -0.899971 
-0.208328 0.416671 -0.879622 
-0.246332 0.416671 -0.871331 
-0.208328 0.503404 -0.833327 
-0.151609 5e-06 -0.984941 
-0.141776 0.0665576 -0.975108 
-0.127396 0.208338 -0.960729 
-0.0918063 0.32486 -0.925139 
-0.0674298 0.416671 -0.900762 
-0.0935739 0.531425 -0.833327 
5e-06 0.556794 -0.833327 
