-0.260551 0.833338 -0.468884 
-0.208328 0.833338 -0.49657 
-0.208328 0.875952 -0.416661 
-0.34265 0.833338 -0.416661 
-0.381289 0.833338 -0.381289 
-0.208328 0.892911 -0.357088 
-0.208328 0.94146 -0.208328 
-0.111953 0.833338 -0.52862 
5e-06 0.833338 -0.556778 
5e-06 0.909284 -0.416661 
-0.159361 0.882305 -0.416661 
-0.130996 0.910669 -0.33933 
5e-06 0.942565 -0.307434 
5e-06 0.976606 -0.208328 
-0.0804187 0.961247 -0.208328 
-0.0582744 0.983391 -0.0582744 
5e-06 0.99603 -0.0456356 
5e-06 1.0036 5e-06 
