-0.161152 -0.17568 0.971168 
-0.116487 -0.18632 0.975559 
-0.116487 -0.18632 0.975559 
-0.122367 -0.15174 0.980817 
-0.321214 -0.149488 0.935134 
-0.293324 -0.179345 0.93904 
-0.287726 -0.159869 0.944275 
-0.287726 -0.159869 0.944275 
-0.301802 -0.122667 0.945446 
-0.306965 -0.145508 0.940532 
-0.306965 -0.145508 0.940532 
-0.270443 -0.15607 0.950001 
-0.298461 -0.273226 0.914477 
-0.298461 -0.273226 0.914477 
-0.261877 -0.291862 0.919911 
-0.473148 -0.119007 0.872908 
-0.448589 -0.149189 0.881198 
-0.448589 -0.149189 0.881198 
-0.467518 -0.113739 0.876636 
-0.456578 -0.242054 0.856123 
-0.429363 -0.273122 0.860844 
