0.3813 0.3813 -0.833327 
0.416671 0.342663 -0.833327 
0.416671 0.416671 -0.80869 
0.556794 5e-06 -0.833327 
0.528633 0.111967 -0.833327 
0.625004 0.0529355 -0.780397 
0.625004 0.208338 -0.755019 
0.496583 0.208338 -0.833327 
0.468896 0.260563 -0.833327 
0.625004 0.338835 -0.70283 
0.625004 0.416671 -0.675579 
0.492713 0.416671 -0.757286 
0.625004 0.500094 -0.624994 
0.571063 0.571063 -0.624994 
0.625004 0.625004 -0.523155 
0.756393 0.208338 -0.624994 
0.674163 0.416671 -0.624994 
0.721315 0.304649 -0.624994 
0.797677 0.381011 -0.452322 
0.757286 0.416671 -0.492712 
0.809286 0.416671 -0.416661 
0.656767 0.448434 -0.624994 
0.674163 0.46583 -0.575836 
0.692909 0.625004 -0.416661 
0.745076 0.536743 -0.416661 
0.777059 0.568726 -0.264607 
0.727065 0.625004 -0.314601 
0.77209 0.625004 -0.208328 
0.66488 0.66488 -0.416661 
0.672179 0.672179 -0.369486 
0.713052 0.713052 -0.208328 
0.718633 0.718633 -0.1147 
