0.833338 5e-06 -0.556778 
0.833338 0.0935956 -0.531404 
0.900767 0.0674347 -0.416661 
0.879625 0.208338 -0.416661 
0.833338 0.208338 -0.503382 
0.833338 0.347735 -0.416661 
0.871335 0.246335 -0.416661 
0.92514 0.0918079 -0.324858 
0.960731 0.127399 -0.208328 
0.947601 0.208338 -0.208328 
0.899969 0.208338 -0.350029 
0.882973 0.257974 -0.367026 
0.926438 0.301438 -0.208328 
0.882971 0.416671 -0.208328 
0.833338 0.416671 -0.347722 
0.833338 0.503387 -0.208328 
0.867562 0.450895 -0.208328 
0.975108 0.141775 -0.0665578 
0.984942 0.151609 5e-06 
0.975107 0.208338 5e-06 
0.962867 0.208338 -0.0787985 
0.934609 0.30961 -0.107057 
0.948066 0.323067 5e-06 
0.912548 0.416671 5e-06 
0.889176 0.416671 -0.152489 
0.833338 0.531402 -0.093597 
0.833338 0.556777 5e-06 
0.869826 0.45316 -0.17184 
0.888002 0.471336 5e-06 
