-0.17568 -0.161152 0.971168 
-0.18632 -0.116487 0.975559 
-0.18632 -0.116487 0.975559 
-0.15174 -0.122367 0.980817 
-0.149488 -0.321214 0.935134 
-0.179345 -0.293324 0.93904 
-0.159869 -0.287726 0.944275 
-0.159869 -0.287726 0.944275 
-0.122667 -0.301802 0.945446 
-0.145508 -0.306965 0.940532 
-0.145508 -0.306965 0.940532 
-0.15607 -0.270443 0.950001 
-0.273226 -0.298461 0.914477 
-0.273226 -0.298461 0.914477 
-0.291862 -0.261877 0.919911 
-0.119007 -0.473148 0.872908 
-0.149189 -0.448589 0.881198 
-0.149189 -0.448589 0.881198 
-0.113739 -0.467518 0.876636 
-0.242054 -0.456578 0.856123 
-0.273122 -0.429363 0.860844 
