-0.718631 -0.718631 0.114702 
-0.713049 -0.713049 0.208338 
-0.624994 -0.772091 0.208338 
-0.672177 -0.672177 0.369488 
-0.664876 -0.664876 0.416671 
-0.624994 -0.69291 0.416671 
-0.624994 -0.727072 0.314593 
-0.568725 -0.777059 0.264607 
-0.536739 -0.745072 0.416671 
-0.416661 -0.809285 0.416671 
-0.624994 -0.624994 0.523178 
-0.465827 -0.674161 0.575838 
-0.448428 -0.656761 0.625004 
-0.416661 -0.67416 0.625004 
-0.500096 -0.624994 0.625004 
-0.416661 -0.757302 0.492697 
-0.571058 -0.571058 0.625004 
-0.381013 -0.797679 0.452319 
-0.304643 -0.721309 0.625004 
-0.208328 -0.756388 0.625004 
-0.416661 -0.624994 0.675595 
-0.416661 -0.492697 0.757302 
-0.416661 -0.416661 0.8087 
-0.208328 -0.624994 0.755031 
-0.338819 -0.624994 0.702847 
-0.260551 -0.468884 0.833338 
-0.208328 -0.49657 0.833338 
-0.34265 -0.416661 0.833338 
-0.381289 -0.381289 0.833338 
-0.0529267 -0.624994 0.780406 
-0.111953 -0.52862 0.833338 
5e-06 -0.556778 0.833338 
