-0.260551 -0.468884 0.833338 
-0.208328 -0.49657 0.833338 
-0.208328 -0.416661 0.875952 
-0.34265 -0.416661 0.833338 
-0.381289 -0.381289 0.833338 
-0.208328 -0.357088 0.892911 
-0.208328 -0.208328 0.94146 
-0.111953 -0.52862 0.833338 
5e-06 -0.556778 0.833338 
5e-06 -0.416661 0.909284 
-0.159361 -0.416661 0.882305 
-0.130996 -0.33933 0.910669 
5e-06 -0.307434 0.942565 
5e-06 -0.208328 0.976606 
-0.0804187 -0.208328 0.961247 
-0.0582744 -0.0582744 0.983391 
5e-06 -0.0456356 0.99603 
5e-06 5e-06 1.0036 
