-0.827745 -0.555017 0.0824294 
-0.799742 -0.562144 0.21073 
-0.764449 -0.591746 0.25584 
-0.783476 -0.525335 0.331948 
-0.783476 -0.525335 0.331948 
-0.848129 -0.453549 0.273806 
-0.827229 -0.488924 0.276851 
-0.827229 -0.488924 0.276851 
-0.832866 -0.426397 0.352874 
-0.725345 -0.50985 0.462523 
-0.790573 -0.433005 0.433013 
-0.765931 -0.470914 0.437708 
-0.747486 -0.469711 0.469719 
-0.755173 -0.403839 0.516359 
-0.755173 -0.403839 0.516359 
-0.772237 -0.401458 0.492424 
-0.772237 -0.401458 0.492424 
-0.734863 -0.434332 0.520896 
-0.639282 -0.485902 0.596002 
-0.817411 -0.297707 0.493163 
-0.797567 -0.335701 0.50119 
-0.797567 -0.335701 0.50119 
-0.7916 -0.283548 0.541267 
-0.66749 -0.365591 0.648691 
-0.64467 -0.396359 0.653682 
-0.466984 -0.458476 0.756125 
-0.515287 -0.391657 0.762289 
-0.515287 -0.391657 0.762289 
-0.681394 -0.248169 0.688559 
-0.696695 -0.237036 0.677074 
-0.661549 -0.27845 0.696289 
-0.661549 -0.27845 0.696289 
-0.528947 -0.280417 0.800988 
-0.528947 -0.280417 0.800988 
-0.498363 -0.317008 0.806933 
-0.498363 -0.317008 0.806933 
-0.492677 -0.323123 0.807998 
-0.539872 -0.265862 0.798658 
-0.32615 -0.298575 0.896928 
-0.698709 -0.11529 0.706056 
-0.539503 -0.135689 0.830979 
-0.539503 -0.135689 0.830979 
-0.512972 -0.170592 0.841283 
