0.556794 -0.833327 5e-06 
0.625004 -0.793265 5e-06 
0.625004 -0.780397 0.0529355 
0.793273 -0.624994 5e-06 
0.772825 -0.624994 0.147826 
0.756393 -0.624994 0.208338 
0.833338 -0.556778 5e-06 
0.833338 -0.531404 0.0935956 
0.833338 -0.503382 0.208338 
0.797677 -0.452322 0.381011 
0.833338 -0.416661 0.347735 
0.81678 -0.416661 0.400114 
0.809286 -0.416661 0.416671 
0.833338 -0.347722 0.416671 
0.777059 -0.264607 0.568726 
0.833338 -0.208328 0.503387 
0.79498 -0.208328 0.586647 
0.77209 -0.208328 0.625004 
0.809163 -0.0241694 0.60083 
0.833338 -0.093597 0.531402 
0.833338 5e-06 0.556777 
0.792714 -0.040619 0.625004 
0.718633 -0.1147 0.718633 
