0.205169 -0.843929 0.49567 
0.0973473 -0.703744 0.703753 
0.178233 -0.73313 0.656318 
0.178233 -0.73313 0.656318 
0.136027 -0.501723 0.854266 
0.119498 -0.489311 0.863884 
0.119498 -0.489311 0.863884 
0.223674 -0.521127 0.823648 
0.315625 -0.507343 0.801863 
0.315625 -0.507343 0.801863 
0.250133 -0.557905 0.791312 
0.336405 -0.578347 0.7432 
0.288578 -0.288569 0.912935 
0.392994 -0.302907 0.868218 
0.467967 -0.291116 0.834421 
0.467967 -0.291116 0.834421 
0.385438 -0.389163 0.836654 
0.469641 -0.400154 0.786965 
0.428126 -0.116061 0.896235 
0.416256 -0.101644 0.903548 
0.416256 -0.101644 0.903548 
0.509624 -0.105016 0.853964 
0.509624 -0.105016 0.853964 
0.567218 -0.100521 0.81741 
