0.130169 -0.480115 0.867494 
0.130169 -0.480115 0.867494 
0.114242 -0.467791 0.876425 
0.305634 -0.491283 0.815615 
0.189 -0.462387 0.866301 
0.151122 -0.330678 0.931566 
0.134684 -0.31572 0.939245 
0.142055 -0.289062 0.946712 
0.142055 -0.289062 0.946712 
0.332813 -0.332803 0.882314 
0.210638 -0.311475 0.926615 
0.210638 -0.311475 0.926615 
0.318032 -0.318022 0.893151 
0.318032 -0.318022 0.893151 
0.335931 -0.288967 0.896465 
0.221833 -0.284747 0.932582 
0.20531 -0.268796 0.941061 
0.517132 -0.321701 0.793147 
0.390489 -0.308806 0.86727 
0.168375 -0.168363 0.971238 
0.151717 -0.151704 0.976713 
0.159057 -0.115557 0.980483 
0.159057 -0.115557 0.980483 
0.350194 -0.160023 0.922907 
0.22683 -0.14948 0.962395 
0.22683 -0.14948 0.962395 
0.334691 -0.142759 0.931452 
0.351039 -0.103415 0.930632 
0.351039 -0.103415 0.930632 
0.237463 -0.113699 0.96472 
0.220638 -0.0961188 0.970608 
0.533269 -0.144564 0.833502 
0.533269 -0.144564 0.833502 
0.405683 -0.138469 0.903464 
0.405683 -0.138469 0.903464 
0.520842 -0.127182 0.844126 
0.544163 -0.0855607 0.834605 
0.424244 -0.100012 0.900008 
0.40918 -0.0817873 0.908781 
