-0.833327 0.556794 5e-06 
-0.793265 0.625004 5e-06 
-0.780397 0.625004 0.0529355 
-0.624994 0.793273 5e-06 
-0.624994 0.772825 0.147826 
-0.624994 0.756393 0.208338 
-0.556778 0.833338 5e-06 
-0.531404 0.833338 0.0935956 
-0.503382 0.833338 0.208338 
-0.452322 0.797677 0.381011 
-0.416661 0.833338 0.347735 
-0.416661 0.81678 0.400114 
-0.416661 0.809286 0.416671 
-0.347722 0.833338 0.416671 
-0.264607 0.777059 0.568726 
-0.208328 0.833338 0.503387 
-0.208328 0.79498 0.586647 
-0.208328 0.77209 0.625004 
-0.0241694 0.809163 0.60083 
-0.093597 0.833338 0.531402 
5e-06 0.833338 0.556777 
-0.040619 0.792714 0.625004 
-0.1147 0.718633 0.718633 
