-0.896917 0.298589 0.326166 
-0.830966 0.1357 0.539519 
-0.830966 0.1357 0.539519 
-0.841272 0.170606 0.512987 
-0.800975 0.280428 0.528961 
-0.800975 0.280428 0.528961 
-0.807986 0.323132 0.49269 
-0.80692 0.317021 0.498375 
-0.80692 0.317021 0.498375 
-0.798648 0.265874 0.539882 
-0.756114 0.458484 0.466995 
-0.762279 0.391665 0.515296 
-0.762279 0.391665 0.515296 
-0.595988 0.485909 0.63929 
-0.706045 0.1153 0.698718 
-0.677064 0.237045 0.696702 
-0.688549 0.248175 0.681403 
-0.696279 0.278458 0.661556 
-0.696279 0.278458 0.661556 
-0.493149 0.297713 0.817417 
-0.501176 0.335709 0.797572 
-0.501176 0.335709 0.797572 
-0.541256 0.283555 0.791605 
-0.648681 0.365596 0.667497 
-0.653672 0.396367 0.644675 
-0.433001 0.433009 0.790578 
-0.469707 0.469715 0.747492 
-0.437697 0.470921 0.765934 
-0.492414 0.401465 0.77224 
-0.492414 0.401465 0.77224 
-0.516349 0.403844 0.755178 
-0.516349 0.403844 0.755178 
-0.520885 0.434338 0.734866 
-0.273795 0.453552 0.848131 
-0.27684 0.488929 0.827229 
-0.27684 0.488929 0.827229 
-0.352863 0.426403 0.832867 
-0.462514 0.509854 0.725348 
-0.210721 0.562146 0.799743 
-0.255831 0.591747 0.764451 
-0.331938 0.525337 0.783478 
-0.331938 0.525337 0.783478 
-0.0824211 0.555019 0.827744 
