-0.556778 5e-06 0.833338 
-0.531404 0.0935956 0.833338 
-0.416661 0.0674347 0.900767 
-0.416661 0.208338 0.879625 
-0.503382 0.208338 0.833338 
-0.416661 0.347735 0.833338 
-0.416661 0.246335 0.871335 
-0.324858 0.0918079 0.92514 
-0.208328 0.127399 0.960731 
-0.208328 0.208338 0.947601 
-0.350029 0.208338 0.899969 
-0.367026 0.257974 0.882973 
-0.208328 0.301438 0.926438 
-0.208328 0.416671 0.882971 
-0.347722 0.416671 0.833338 
-0.208328 0.503387 0.833338 
-0.208328 0.450895 0.867562 
-0.0665578 0.141775 0.975108 
5e-06 0.151609 0.984942 
5e-06 0.208338 0.975107 
-0.0787985 0.208338 0.962867 
-0.107057 0.30961 0.934609 
5e-06 0.323067 0.948066 
5e-06 0.416671 0.912548 
-0.152489 0.416671 0.889176 
-0.093597 0.531402 0.833338 
5e-06 0.556777 0.833338 
-0.17184 0.45316 0.869826 
5e-06 0.471336 0.888002 
