0.895045 0.136479 0.424581 
0.899726 0.156602 0.407392 
0.877784 0.222397 0.424304 
0.877318 0.224656 0.424079 
0.877318 0.224656 0.424079 
0.880512 0.245752 0.405345 
0.850656 0.316242 0.419969 
0.84999 0.318464 0.41964 
0.84999 0.318464 0.41964 
0.814938 0.391332 0.427475 
0.600409 0.406104 0.688903 
0.474734 0.540323 0.694751 
0.697777 0.174726 0.694678 
0.697777 0.174726 0.694678 
0.712303 0.221496 0.666006 
0.440085 0.165957 0.882487 
0.440085 0.165957 0.882487 
0.328476 0.289042 0.899199 
0.328476 0.289042 0.899199 
0.61481 0.36525 0.699001 
0.3364 0.337894 0.879012 
0.3364 0.337894 0.879012 
0.613609 0.369851 0.697635 
0.613609 0.369851 0.697635 
0.621597 0.420435 0.660948 
0.621597 0.420435 0.660948 
0.335838 0.342247 0.877542 
0.209911 0.457692 0.863977 
0.491788 0.559732 0.666966 
0.491788 0.559732 0.666966 
0.213139 0.506525 0.835466 
0.213139 0.506525 0.835466 
0.490292 0.563446 0.664938 
0.212607 0.510166 0.833384 
0.0860133 0.602286 0.793633 
0.444946 0.127214 0.886476 
0.458518 0.172908 0.871702 
0.342795 0.301642 0.889665 
