0.194643 0.964487 0.178547 
0.170038 0.9152 0.365372 
0.204251 0.920156 0.334059 
0.192597 0.954349 0.228308 
0.192597 0.954349 0.228308 
0.31354 0.885657 0.342498 
0.31354 0.885657 0.342498 
0.246971 0.910854 0.330682 
0.246971 0.910854 0.330682 
-0.233141 -0.945756 -0.226253 
0.13736 0.82637 0.546119 
0.172746 0.836875 0.519422 
0.172746 0.836875 0.519422 
0.166515 0.896235 0.411139 
0.166515 0.896235 0.411139 
0.281936 0.798559 0.531804 
0.216534 0.82949 0.514839 
0.318751 0.804551 0.501095 
0.307213 0.867786 0.390599 
0.208853 0.88888 0.407765 
0.242316 0.893686 0.377636 
