0.424581 0.136479 0.895045 
0.407392 0.156602 0.899726 
0.424304 0.222397 0.877784 
0.424079 0.224656 0.877318 
0.424079 0.224656 0.877318 
0.405345 0.245752 0.880512 
0.419969 0.316242 0.850656 
0.41964 0.318464 0.84999 
0.41964 0.318464 0.84999 
0.427475 0.391332 0.814938 
0.688903 0.406104 0.600409 
0.694751 0.540323 0.474734 
0.694678 0.174726 0.697777 
0.694678 0.174726 0.697777 
0.666006 0.221496 0.712303 
0.882487 0.165957 0.440085 
0.882487 0.165957 0.440085 
0.899199 0.289042 0.328476 
0.899199 0.289042 0.328476 
0.699001 0.36525 0.61481 
0.879012 0.337894 0.3364 
0.879012 0.337894 0.3364 
0.697635 0.369851 0.613609 
0.697635 0.369851 0.613609 
0.660948 0.420435 0.621597 
0.660948 0.420435 0.621597 
0.877542 0.342247 0.335838 
0.863977 0.457692 0.209911 
0.666966 0.559732 0.491788 
0.666966 0.559732 0.491788 
0.835466 0.506525 0.213139 
-0.835466 -0.506525 -0.213139 
0.664938 0.563446 0.490292 
0.833384 0.510166 0.212607 
0.793633 0.602286 0.0860133 
0.886476 0.127214 0.444946 
0.871702 0.172908 0.458518 
-0.889665 -0.301642 -0.342795 
