0.204231 0.620897 0.620897 
0.197678 0.614344 0.625004 
0.164516 0.625004 0.625004 
0.208338 0.610247 0.625004 
0.208338 0.620195 0.620195 
0.381901 0.590234 0.590234 
0.334879 0.543212 0.625004 
0.416671 0.493623 0.625004 
0.416671 0.58158 0.58158 
0.54851 0.54851 0.54851 
0.460421 0.460421 0.625004 
0.398937 0.398937 0.815603 
0.381286 0.381286 0.833338 
0.342633 0.416671 0.833338 
0.386798 0.416671 0.803465 
0.416671 0.416671 0.769465 
5e-06 0.590967 0.7993 
5e-06 0.556777 0.833338 
0.154868 0.571534 0.779867 
0.111953 0.52862 0.833337 
0.208338 0.496565 0.833338 
5e-06 0.625004 0.731045 
0.0770076 0.625004 0.702007 
0.208338 0.556669 0.765002 
0.317536 0.525869 0.734202 
0.260551 0.468884 0.833338 
0.416671 0.477982 0.686315 
0.457882 0.457882 0.666215 
5e-06 0.660442 0.660442 
0.0323518 0.657351 0.657351 
