0.563436 0.664928 0.490318 
0.510162 0.833379 0.212637 
0.602284 0.793632 0.0860417 
0.318464 0.419641 0.849989 
0.318464 0.419641 0.849989 
0.369838 0.697622 0.613631 
0.369838 0.697622 0.613631 
0.342239 0.877534 0.335866 
0.420421 0.660936 0.621619 
0.420421 0.660936 0.621619 
0.559719 0.666958 0.491815 
0.559719 0.666958 0.491815 
0.457685 0.863973 0.20994 
-0.506518 -0.835463 -0.213168 
0.506518 0.835463 0.213168 
0.224654 0.42408 0.877318 
0.224654 0.42408 0.877318 
0.24575 0.405346 0.880512 
0.316241 0.419971 0.850657 
0.391318 0.42746 0.814953 
0.406093 0.688888 0.600435 
0.540313 0.694739 0.474763 
0.127204 0.886466 0.444969 
0.172896 0.871692 0.458541 
0.301629 0.889659 0.342822 
0.174713 0.694664 0.697795 
0.174713 0.694664 0.697795 
0.165946 0.882477 0.44011 
0.165946 0.882477 0.44011 
0.221481 0.665993 0.71232 
0.365234 0.698989 0.614833 
0.289032 0.899192 0.328504 
0.289032 0.899192 0.328504 
0.337883 0.879006 0.336429 
0.337883 0.879006 0.336429 
0.136475 0.424581 0.895045 
0.156598 0.407393 0.899727 
0.222394 0.424305 0.877785 
