-0.234691 -0.859691 -0.443024 
-0.260563 -0.833327 -0.468896 
-0.208328 -0.833327 -0.496588 
-0.34268 -0.833327 -0.416661 
-0.208328 -0.863937 -0.44727 
-0.208328 -0.877978 -0.416661 
-0.243455 -0.868454 -0.416661 
-0.281933 -0.906933 -0.281933 
-0.381303 -0.833327 -0.381303 
-0.208328 -0.921574 -0.296575 
-0.208328 -0.942684 -0.208328 
-0.050682 -0.884014 -0.467348 
-0.111967 -0.833327 -0.528633 
5e-06 -0.833328 -0.556795 
-0.0702908 -0.903623 -0.416661 
-0.105058 -0.938391 -0.313392 
-0.125972 -0.959304 -0.208328 
-0.136964 -0.970296 -0.136964 
