0.798562 0.28193 0.531802 
0.804554 0.318745 0.501093 
0.829494 0.216528 0.514836 
0.888883 0.208847 0.407761 
0.867789 0.307207 0.390596 
0.893689 0.242309 0.377632 
0.885661 0.313534 0.342491 
0.885661 0.313534 0.342491 
0.910858 0.246964 0.330675 
0.910858 0.246964 0.330675 
0.94576 0.233134 0.226245 
0.826373 0.137352 0.546116 
0.836878 0.172737 0.519419 
0.836878 0.172737 0.519419 
0.896239 0.166506 0.411135 
0.896239 0.166506 0.411135 
0.915204 0.17003 0.365365 
0.92016 0.204241 0.334052 
0.954352 0.192588 0.2283 
0.954352 0.192588 0.2283 
0.964491 0.194634 0.178536 
