-0.859691 -0.234691 -0.443024 
-0.833327 -0.260563 -0.468896 
-0.833327 -0.208328 -0.496588 
-0.833327 -0.34268 -0.416661 
-0.863937 -0.208328 -0.44727 
-0.877978 -0.208328 -0.416661 
-0.868454 -0.243455 -0.416661 
-0.906933 -0.281933 -0.281933 
-0.833327 -0.381303 -0.381303 
-0.921574 -0.208328 -0.296575 
-0.942684 -0.208328 -0.208328 
-0.884014 -0.050682 -0.467348 
-0.833327 -0.111967 -0.528633 
-0.833328 5e-06 -0.556795 
-0.903623 -0.0702908 -0.416661 
-0.938391 -0.105058 -0.313392 
-0.959304 -0.125972 -0.208328 
-0.970296 -0.136964 -0.136964 
