-0.666223 -0.45789 -0.45789 
-0.68633 -0.477997 -0.416661 
-0.769509 -0.416661 -0.416661 
-0.624994 -0.493647 -0.416661 
-0.624994 -0.460431 -0.460431 
-0.548509 -0.548509 -0.548509 
-0.581581 -0.581581 -0.416661 
-0.833327 -0.468896 -0.260563 
-0.833327 -0.496588 -0.208328 
-0.734208 -0.525875 -0.317542 
-0.765012 -0.556678 -0.208328 
-0.624994 -0.610268 -0.208328 
-0.833327 -0.416661 -0.34268 
-0.803479 -0.416661 -0.386813 
-0.624994 -0.543223 -0.33489 
-0.590233 -0.590233 -0.3819 
-0.620196 -0.620196 -0.208328 
-0.833327 -0.381303 -0.381303 
-0.815607 -0.398941 -0.398941 
-0.657358 -0.657358 -0.0323585 
-0.66045 -0.66045 5e-06 
-0.731084 -0.624994 5e-06 
-0.702035 -0.624994 -0.0770359 
-0.624994 -0.624994 -0.164598 
-0.833327 -0.528633 -0.111967 
-0.833328 -0.556795 5e-06 
-0.779872 -0.571539 -0.154872 
-0.799305 -0.590971 5e-06 
-0.624994 -0.614357 -0.197691 
-0.620896 -0.620896 -0.204229 
